"(1, 1)","(1, 2)","(1, 3)","(1, 4)","(1, 5)","(2, 1)","(2, 2)","(2, 3)","(2, 4)","(2, 5)","(3, 1)","(3, 2)","(3, 3)","(3, 4)","(3, 5)","(4, 1)","(4, 2)","(4, 3)","(4, 4)","(4, 5)","(5, 1)","(5, 2)","(5, 3)","(5, 4)","(5, 5)","(6, 1)","(6, 2)","(6, 3)","(6, 4)","(6, 5)","(7, 1)","(7, 2)","(7, 3)","(7, 4)","(7, 5)","(8, 1)","(8, 2)","(8, 3)","(8, 4)","(8, 5)","(9, 1)","(9, 2)","(9, 3)","(9, 4)","(9, 5)","(10, 1)","(10, 2)","(10, 3)","(10, 4)","(10, 5)","(11, 1)","(11, 2)","(11, 3)","(11, 4)","(11, 5)","(12, 1)","(12, 2)","(12, 3)","(12, 4)","(12, 5)","(13, 1)","(13, 2)","(13, 3)","(13, 4)","(13, 5)","(14, 1)","(14, 2)","(14, 3)","(14, 4)","(14, 5)","(15, 1)","(15, 2)","(15, 3)","(15, 4)","(15, 5)","(16, 1)","(16, 2)","(16, 3)","(16, 4)","(16, 5)","(17, 1)","(17, 2)","(17, 3)","(17, 4)","(17, 5)","(18, 1)","(18, 2)","(18, 3)","(18, 4)","(18, 5)","(19, 1)","(19, 2)","(19, 3)","(19, 4)","(19, 5)","(20, 1)","(20, 2)","(20, 3)","(20, 4)","(20, 5)","(21, 1)","(21, 2)","(21, 3)","(21, 4)","(21, 5)","(22, 1)","(22, 2)","(22, 3)","(22, 4)","(22, 5)","(23, 1)","(23, 2)","(23, 3)","(23, 4)","(23, 5)","(24, 1)","(24, 2)","(24, 3)","(24, 4)","(24, 5)"
0.0,6.297168254691172,4.785133289194002,4.684094754332917,5.380131937962421,10.883893003554785,13.414114862909729,11.886438320331235,13.19665339061574,13.345236149684027,5.2306072448365,11.951402820054028,13.771472276090023,4.719943487204517,10.855031890209494,11.151169440305548,9.962360015901725,9.899789711081358,8.844736971180161,12.417308362987313,12.126343410262129,12.776658160086159,11.526959680077834,10.946959610309118,11.593288886802872,5.230568048784878,7.655752864057449,6.964924845769318,7.515043723055538,7.474944351932563,12.04027987768193,7.663494999594495,9.09116264787054,6.402395157016256,7.067972376376417,5.523326812374313,7.4664511612500295,5.026004801556422,6.739418169160638,5.70630764745459,10.740496518049845,11.423472501756232,11.941016143075739,11.970506004961306,11.531404266051823,9.965849533724557,9.697359744587764,12.942084983919443,9.491337894036517,10.298305715396182,9.11320889899593,9.887172292284124,11.413124034075654,13.193454716514008,11.35593544022978,14.436923027280162,12.661314433011995,14.512300355079972,11.720347530438563,13.394488742865308,7.076707403201271,8.044417331889917,9.637358102254517,5.749409608111431,6.804600591479395,12.19202582266827,11.943946997692503,10.066836717874198,12.599762008223845,9.17371832328134,8.264217547994594,5.5796197879392455,7.685657404635574,10.288293887507443,7.191483765539145,14.954789693758396,15.673949809487043,14.684976693497198,14.973442523708673,15.232398388665075,10.731443221220418,10.579932294492057,12.16107137028206,9.227391320902534,10.703154394018334,11.04694006484352,9.83617924021549,11.8159408022725,10.35715271483954,8.697128208533972,13.452285341572352,11.933684144155965,12.309200439830908,12.00956889901587,11.740754018266417,9.370383870347478,7.712234834095405,7.922975915163394,7.8941171926116205,7.4281410685043365,13.1078713701042,14.815046751430042,13.352533211389314,13.819342655752035,13.169558391149138,13.374852787256977,12.877685621791748,12.570845945689111,12.628735655170455,11.974977373633983,16.510726421220767,17.088773561588393,16.936323477995973,16.808540114985657,15.29553458477136,9.087035566938923,8.029004289702236,7.9595801744987735,8.800444607605714,7.6994457190515355
6.297168254691172,0.0,4.1455862305426825,4.213582091309627,4.670458687408386,11.755840437665077,16.332081054030436,11.800450437615769,12.781496039534321,16.87323272607074,8.702344671202987,13.172781573991706,14.249117864789373,5.43642182611697,11.916436088733645,12.850276294119594,12.057774549592915,11.469525140804798,11.116761659751209,13.989646496831085,10.710738445515275,9.694479511661763,9.060395166310927,9.841791202537932,8.460241759436993,7.245841840572146,7.075579970598345,5.897836972380796,6.786638141554732,6.518044118317909,14.922281116797738,7.216374001283327,9.008446550160144,8.601752377962478,9.673954839279652,9.240933063345048,8.858800594550642,8.333605994465216,7.673012258616961,6.998272956570155,14.447116907227894,14.169816488160393,15.06905893041105,15.392421203358602,14.622979121011372,10.182436621082532,9.70719745267402,15.641717721500955,10.17372537898492,9.274647379935358,9.512982432712409,10.650755359777694,10.87714016691612,15.379532602881401,13.868999222328265,14.25590627258494,11.445254268752494,15.06834787248154,12.927298127898672,14.460630846961504,4.734522152478711,4.796504208301119,7.389662889813753,5.536918553134633,8.405476459427728,11.35304215920521,11.940652572362325,10.302145200739968,15.308967778482055,8.516481443293927,8.547827761711758,7.348603341696792,9.799263225682562,12.010850427575107,10.372383804521913,17.04735468641821,17.4856460273499,17.078328792828177,17.322269900197277,16.88121583412815,10.752773411952518,12.5506515457554,12.55761884688713,9.712931664420738,13.060824445026766,11.460947652857856,12.451093382175447,12.216504588157644,9.227390325504421,11.858839217675463,16.121837988561467,15.336898722079233,15.038034296032865,15.265688816493048,15.240537518670756,8.229838565742515,8.930184610466242,8.8350346086148,8.248714004197327,7.8684122954509,16.08768060055546,15.608202016380627,14.90594441951459,16.911386215634284,14.386257506915635,16.04941200823173,15.48720588634874,15.97521283828716,15.80729845730344,14.184658600217718,16.676521720765404,16.58439517972917,16.455718138168407,16.102444099481133,17.247549657427335,11.018680851461198,11.796656481188506,11.928210976134864,12.149258185766657,11.517620194468215
4.785133289194002,4.1455862305426825,0.0,2.719005848748692,3.714082702026039,10.999922949956098,14.449122687145195,11.590739857632652,13.112733105996806,15.314693172981666,6.047386882102868,12.092556707397673,14.018714012689951,5.012778300528626,11.234207659647872,11.283041457190624,10.054333350230587,9.785033682206734,9.570325293193372,12.898689922916365,11.960786311471848,10.99626676994098,9.942048233777573,10.648073231053798,10.00276224328676,6.3958159148780975,7.968361161766529,6.682714051915424,7.645200414799336,7.0234459924600685,12.624119768682359,7.665031134162051,8.313332690872675,7.235609761682499,8.711029658863694,8.477907643204771,6.449835303864643,7.096042475486764,6.57032830244904,5.973896558560283,12.778170171882074,13.32043657054465,13.370103969935423,13.300733738765398,13.264915375283989,9.001183580857898,9.779098141485076,13.930183735220481,10.365592702040805,10.587504212742434,9.656790118554033,9.318102199387305,10.907551398629414,14.37346819289295,11.675297263684996,14.25167613291185,13.041635703563045,14.829002835780393,11.290842701476011,12.813695711476736,5.556890727388624,5.8625828127547965,7.435213694031598,5.364094257036899,8.596616509579285,12.048338866168471,10.957148303710454,9.308161308236825,13.466434467613855,9.693607543603541,8.28733767949852,7.127059014435071,9.481382755626974,10.314764151211726,8.888390678739967,16.493998300927213,16.68774799018827,15.658717043048991,16.425388428616383,16.672665021699515,10.014160056652278,10.753292282393984,11.253784165036457,10.03432958217311,11.820909720449322,10.553164692895354,9.749206296308502,11.345515407970327,10.945692743270179,10.354860486065544,14.589219828069897,13.800781232443846,14.343809747231683,14.114775014148563,13.291725761880162,6.930921280724025,7.4559136910687425,7.748378552151447,7.628591869239436,5.784224343119943,14.536744065623925,14.72699236895309,13.804471188249376,15.815875444710779,13.598882482627078,14.134613656462626,13.927279874941885,14.285560233726319,14.406111137765185,12.855338159136352,15.814898285840815,15.9617003037451,15.5437098446952,15.296902801990981,16.495376795434865,10.238496113253444,11.337434645724278,11.047142465865207,11.60525415227705,10.961166719041346
4.684094754332917,4.213582091309627,2.719005848748692,0.0,4.113813698872421,10.904327298543393,14.447943663203352,11.653212193966386,13.15070709346249,14.911691030919792,6.328863655110891,12.272685758600652,13.83615729093263,4.753281146152626,11.458281810709051,11.954048981819462,10.676201297769538,10.20629119524395,9.87275906798768,13.585617664503406,12.036195215467806,11.282225006015782,10.09264528601307,10.56034311868651,9.75531136846949,6.477139275748501,8.489858152122189,7.244597611605716,8.233566506484216,7.627110602009215,13.130715009742396,8.17261812062361,8.851926782817705,8.002421220254448,9.1097186903557,8.142708207280407,7.333728578012448,7.143588456267248,6.814915379243422,5.810862647414729,12.732745652768818,13.339586622026893,13.480438338425241,13.71427967212072,13.593805300734221,9.780118328476878,10.676428222850568,14.284924191889644,10.283630555111433,10.790166880769833,9.755223958165697,9.604359428164685,11.468086888636199,14.31608952480384,12.412409305311378,14.347764652144118,12.972704040112703,14.821851986984221,12.011531291562708,13.574728842572638,5.593862221681237,6.283411427051085,7.493811285362663,4.663491489661206,8.642940794822639,12.026731370680997,11.674775446692212,10.09782149683749,14.106677680318635,9.443339522553662,8.454821175004849,7.391572610585185,9.967152147946303,10.716475510285253,9.205809018765898,15.878802464891773,16.09149759809458,14.882181084604143,15.724471044900584,15.915197046066098,10.78413164985253,11.357142514532455,11.568651881220728,10.180827916964335,11.999039323153816,11.437555144334059,10.7420694554481,11.828174126418064,11.099734696580093,9.847163208617959,14.91104349527848,14.135459056409921,14.172679663174662,14.229763213769385,13.324624580676295,7.985724264780576,8.17075669345757,8.822148483233054,7.944363772273539,6.115608958655914,14.057386447522456,14.216054857751939,13.202871059276255,15.281756806053215,13.022601308293426,14.378757590579772,14.631794459714685,14.332746288001424,14.188271092182767,12.573945411072136,15.089835209780771,15.468850628104041,15.07646087447731,14.957529115840934,15.840034665646414,9.808355014600735,10.939910649196218,10.59484824980381,11.211730403618475,10.717703303894677
5.380131937962421,4.670458687408386,3.714082702026039,4.113813698872421,0.0,10.932563781911378,14.993151738766915,11.602818452238523,13.12369755856723,15.458986497276832,6.722408602238911,12.619257644105899,13.79420247818182,4.548408863947252,11.38728309803038,11.902810284669911,11.049233493538674,10.622410001670893,10.323633016351005,13.118570657044724,11.791526615925553,10.881882798765806,9.73926975255699,9.79586518181151,9.785420975863438,5.893657326782703,7.422802774774827,6.387339075929363,7.349554416320585,6.661609310723787,13.475505488425302,7.253331652264167,9.318824540830953,7.187024500505853,8.151641961759282,8.117301418811495,7.61551702738673,6.65068567367277,6.252544421048082,5.509644389040288,13.25707617614647,13.369508192334617,14.112541141358847,13.986256921948149,13.382758707222312,10.315509560726404,9.707441124150062,14.312923314346103,10.747338670132596,10.004795787452776,9.917006443511763,10.152850411876045,11.551587496367013,14.52071182715586,12.52803572141143,14.835574056569245,12.457599229584895,15.073045604534805,12.687860196356121,13.741092572865458,4.409912117123406,5.643226133184108,8.04667681903059,3.65595336804008,7.623845548253447,11.385465426063451,12.668551878925511,10.481944868282039,14.214148581167064,9.696111958358049,9.11977767857718,6.374433584553932,8.657997058298363,11.30828465891116,8.884169682445368,16.149307935238145,16.73111647426365,15.340868899860546,16.367564928270536,16.17772789005074,10.869946411846165,11.021744982506632,11.984807998829183,9.406940689411442,11.913558154647415,11.019528537184641,10.759243209716178,12.117687852039328,10.247272072085163,10.868059564976667,15.358106605098426,13.947642106125013,14.129491836291727,13.862642797952413,13.829133929712544,6.999946951255593,8.001908151443851,8.34383289569422,8.02817818827716,6.946040072395193,15.190836249857927,14.816812350469773,13.997120912178982,16.034817394485135,13.559124893922325,14.972459336244054,13.854250593372793,14.645196776867014,14.835421614079328,13.566096215343569,16.27731683293721,15.782847636476742,15.955251075619536,15.618453893082135,16.44526676636371,8.890917838743189,10.55237426706681,9.746062499363383,10.279899824440953,10.15981175069944
10.883893003554785,11.755840437665077,10.999922949956098,10.904327298543393,10.932563781911378,0.0,13.56155208714991,3.9964113661980187,5.7705646694846084,14.569120836732058,9.464047723062466,7.45563642886373,7.108610602445236,10.146381499571756,7.189687372396927,10.28848463802905,11.493958352653241,7.2232221339055105,11.031218114925746,10.972139748834547,14.603972652118284,13.654155240802805,13.552953148270932,13.11510856625937,13.066972614180859,11.239861705872132,12.212268723251952,10.939713363054034,10.693140179056321,11.924065773175569,13.378787313767715,11.461814024914714,12.51772432123122,12.250075098121508,12.174928807918704,10.794959523195377,8.675033882608771,9.272728677446189,10.266858473522152,10.100107727566243,15.25097132843288,16.561343093103574,15.455607787688876,15.30802364990478,16.90004575943801,10.760128415020459,11.714913829754607,12.919853112209324,12.938387597584093,13.837023640717497,9.58544544886124,12.732867960737645,9.538618672822029,13.635227763055305,13.01896187835497,16.808024073884244,14.33427271633517,17.64813710407399,15.06113145041433,15.511840729218779,12.356112003119911,12.228964211911553,13.162587574604986,11.66802990436517,11.530091174769009,14.662324342929388,13.408451533250405,10.636172337222835,14.633858814207557,13.836250671790769,12.233586217262882,11.882497129183644,12.359396864607355,13.75065046662317,13.66140510877489,16.156754763121977,17.13726514085423,17.292450801046424,16.605839727555082,16.900456348422694,10.963859350913427,12.549496455338733,13.836359997821118,12.319050686930561,13.720481445455217,10.897274444968415,11.946506141095416,14.562181436355646,13.253608080212462,12.463017755054759,17.21610850080485,16.26064885733264,16.586115067578753,16.750980056548055,16.394959438921497,8.995661618840199,8.13248917226675,8.906691636204815,8.613292439561643,10.246783972792707,15.020925728247843,15.67568405722826,17.11187819458832,15.474815125653171,17.11771052594373,15.341611712782713,16.231138209929007,16.661262825625506,15.576737884262954,15.439508534410196,18.97524623038981,17.479092107732626,17.437073688533644,17.26817932270893,17.380922417893057,13.586697257495253,12.939111026189476,12.942067555939426,13.414808219780172,12.747644956677991
13.414114862909729,16.332081054030436,14.449122687145195,14.447943663203352,14.993151738766915,13.56155208714991,0.0,15.3183831757589,15.935721507607335,5.473841606789554,13.389962046775278,15.481466553476753,17.042786613565028,14.251587769036,14.756386386263786,13.578703552468703,12.713478775300121,14.313932677294655,11.77530580609781,14.209598434909447,19.57006178310232,19.875389084506878,19.305811762088055,18.734213906119237,19.08915156962427,14.796936507579298,16.17338723398352,15.619374706689028,17.08953855728567,17.236816869130546,10.51200854458942,16.292955021052265,17.43809844941478,13.358184408508848,13.211213763430665,11.93717442373828,13.408500017918303,13.011983889677401,14.087469744266377,13.546606317208926,10.396504843784985,11.897299660131957,10.484309289055748,11.29617854990147,12.229411917124787,16.45026638909109,17.808741992399305,10.492549791958174,17.986355447637752,17.82532535161448,17.012624907005396,13.584700837264931,17.50797298969863,13.175368607911167,9.553785498900584,17.823746090918775,18.724334157543115,20.80499572941616,15.64875180752119,15.274239180071525,16.84238781952185,16.907649243156637,17.575290200241398,15.062566972622259,13.926017261937023,19.607095671927375,17.42538722305312,14.982614246138972,11.425911196539353,15.728141521915074,16.19677755670819,14.000764116294487,13.089859696237681,14.072036263186602,13.909464994988564,12.192901232555732,12.191796878377538,11.992532637762398,11.623359593444565,12.45819961123976,16.140787120102658,13.804492974809786,14.473194253192439,14.399627834311254,13.972232769785744,15.413467901963504,12.396045175249608,14.835571366998376,15.26767820353263,11.732988953996337,12.341898971533862,12.493036708949637,12.496727588650266,12.084289445618687,10.913912288589735,15.328003924258404,13.471759714092562,15.03002462051814,13.864354868839428,13.973872861381777,9.86061922377298,12.088689826050286,12.517379713423136,10.657728054648786,12.068478029274761,10.773221846066082,12.025397399672219,12.078003944574853,11.26557413826648,12.227764347963372,13.6555734509285,12.711678451918592,12.331780624983283,12.688693287790393,12.048865767409453,13.879063955525703,12.87321895874716,12.920699635558012,13.67498937352902,12.831615054458005
11.886438320331235,11.800450437615769,11.590739857632652,11.653212193966386,11.602818452238523,3.9964113661980187,15.3183831757589,0.0,3.8637054190009,16.063387108808595,11.38163745391931,7.600100241679095,5.920074943449391,10.113369185348194,7.774780537533005,11.307189180023514,11.941766756009095,7.742905319093216,11.830839291055408,10.90318709654737,14.722439042212812,13.667532003366482,13.75414751098118,13.383733554902603,13.155754805494809,11.473102659351667,11.720917035863994,11.00072519608338,10.522384303036816,11.615326179035112,14.142712939780303,11.580705574374392,12.255109591232024,12.796382431820977,12.687939012776628,11.706109634287905,9.286325900801419,10.095458965899294,11.04571550423435,11.148598832171027,15.566390746067826,16.7469531378011,16.003891416757682,15.951062477667746,17.193128260754754,10.791864924182345,11.23743465037166,13.452416910247049,12.374014449723592,13.003343191231881,9.29231432793285,12.617729567106363,9.531253826388372,13.676100327716082,13.689120861620399,16.861204502703828,13.790852217295598,17.70116267965868,15.078264153880404,15.704696882863256,12.438550368512445,12.186543917944757,13.359638590265115,12.273322754903273,12.562522002388175,14.081564035052294,13.378426002008883,11.236797643875793,15.017115653342074,13.668309499837086,12.167176195255085,11.917211222244394,12.35830061172086,14.412528890361312,13.979938031864908,17.5285304922121,17.8510367784165,18.632191403792934,18.004055761883897,18.051318357777237,11.518762607022703,13.274195055151111,14.481864836543227,12.339138466254347,13.615562493461546,10.876739688790245,12.4690112789745,14.965676277281492,13.06661613909026,13.383048634565368,16.808875683810832,16.133753135294796,16.940199752989116,16.997904109276714,16.937244878486695,9.391050646400917,9.302907869201675,9.557974729656078,9.605503354511804,10.920651850060889,16.60446159458406,17.609060193260813,18.53936305351216,16.95638631072074,18.45618862762927,16.273802098168204,16.859438032450292,17.56736479977052,16.571395560244433,15.87103516418745,20.05256630775555,18.879306871438242,19.021848902106218,18.333492896900665,18.62145841187026,14.536142755374097,13.69768169887622,13.764016167599028,14.260190777067216,13.444487119147773
13.19665339061574,12.781496039534321,13.112733105996806,13.15070709346249,13.12369755856723,5.7705646694846084,15.935721507607335,3.8637054190009,0.0,16.52777355687772,13.014532115817119,8.795352436025794,6.627507443236434,11.42167841759786,8.082712017490651,12.394972172061355,13.286261296052947,9.255465407230014,13.116534382990453,11.733088141201184,14.9101578893001,13.981619872642035,14.072287059324408,13.795960073195555,13.572398698028966,12.319167433289683,12.413442842977545,11.864369851903149,11.507190037259258,12.582818293654524,14.96618177605544,12.360526415100452,13.052843072045032,13.67885901048346,13.384700572535518,13.202425299914996,10.47224630992048,11.601542216769733,12.488875179160784,12.728503558335337,16.5075081777767,17.32238581753714,16.751934514847385,16.64705899530597,18.032431092715626,11.719691381057235,12.34639961479765,14.234913000255652,12.703699832677351,13.454847159136012,10.192441794501168,13.199607442961028,10.25121193664669,14.240459372584766,14.322634515833244,17.67409653593036,13.942741037939612,18.246471493986746,15.079168833487955,16.34750687458189,13.34738715430288,13.363674454494905,14.065942539328276,13.501287536978968,13.517536360043803,14.4923174961937,13.97585134392643,11.858662318769555,15.675821853028062,14.152794761957647,12.811700294051834,12.912552809449844,13.54561487073429,15.202547609388674,14.700128050818018,18.99667490808993,19.191218228572943,20.213689403368935,19.675051761485385,19.359932826698163,12.183378619907458,14.357373802399366,15.609781524567627,13.561537044556346,15.03312104468314,12.045526437023007,13.792162392682506,16.070479975814386,14.173196072599296,14.842756982247169,17.58484399807783,16.37122796740666,17.86526387822158,17.719669481005635,17.614603427229426,10.223022536668225,10.485329434729227,10.590472167005789,10.59037790794154,11.989800677752761,18.41202093667899,19.141962784094694,20.39808096652238,18.79577567978938,20.332619082429705,17.968769506934457,18.395328389514454,19.09760332676238,18.147574788382357,17.12636982652023,21.37063446321209,20.148137137900296,19.96172007631783,19.91296555971662,19.657797788683418,15.927089343991483,15.17988123793989,15.115986262575724,15.448264054467922,14.763994062521137
13.345236149684027,16.87323272607074,15.314693172981666,14.911691030919792,15.458986497276832,14.569120836732058,5.473841606789554,16.063387108808595,16.52777355687772,0.0,13.911495659254223,16.392658705829348,17.58353816526313,14.678293326624619,15.446619658487313,14.429055979217589,13.800582891881978,15.01563122228601,12.591831490097842,14.91356188874807,19.917466226038847,20.26284754460673,19.729099110365244,19.154956882986568,19.56209929626493,15.186285801568962,16.673933475577766,16.13968837005093,17.337272267041687,17.62014551687341,11.646068958158919,16.818314777311745,17.883849362262826,13.947937989488373,13.829716515094288,11.9506714794607,14.253756263867652,13.10634797366643,14.209031786968557,14.036599380993469,10.918497767221247,12.275522017661629,11.229497992299317,12.203700668341884,12.366506397601608,17.224249295757986,18.186983950527384,10.91545166357092,18.210262823956082,18.343860252178814,17.266350898146484,14.158152105362419,18.181228874007545,12.99828700596979,10.720457561517634,18.467844598053087,19.27247260105093,21.28573572745762,16.69195079905831,16.75717699452808,17.2476166797275,17.45933549033708,18.06508782663978,15.66446078261269,14.726822786361954,20.141744103302305,18.41139666891961,15.84257835058596,12.650022341642527,16.18938340118311,16.42918378852848,14.606108525990384,13.923838408946484,15.068354689199335,14.312533541580084,12.288065222950843,13.854180468015324,13.16924970927245,12.945115933847337,12.808206159144397,16.853334324625788,14.73032263149348,15.558730778901943,14.900512986816125,14.76728188006914,16.20357276291326,13.542620182600864,15.960922587571694,15.900989192004461,11.732786631856133,12.665248186769368,13.237234208008964,13.037710676343977,12.165833433282838,11.091524366014593,16.008531137647964,14.22936128104693,15.726215013550613,14.53216173795174,15.042446675492325,11.101771466804644,13.483933885306921,13.308524199565756,12.294585359016304,12.736395554700472,11.822967417072022,13.061390413960083,12.761520056512031,11.554184394151772,12.707439182052685,13.940651698426517,13.910163212455899,14.449928043777383,14.786469914212573,13.654328938755441,14.306770823048286,13.372185518770296,13.22277742679215,14.034561879373609,13.175385771688212
5.2306072448365,8.702344671202987,6.047386882102868,6.328863655110891,6.722408602238911,9.464047723062466,13.389962046775278,11.38163745391931,13.014532115817119,13.911495659254223,0.0,11.05800006819831,13.699081452714825,6.122165968369229,10.573210083505986,9.920444356094627,9.235462206261172,8.280454477641632,8.065655257363225,11.959347021916168,11.987061312398103,13.152867268818635,12.675157075694386,11.301445380618944,12.396527967165198,6.86764285537524,9.306086372397502,7.660152787432446,9.495368654955225,8.807522291668825,11.769758844541599,8.40646283925569,9.506896646006364,6.273115777985174,8.85708950715754,7.018829834833064,7.162682571286324,6.630832259042434,7.6257124968756544,6.850539234906524,11.04316286369638,11.663774871957903,11.972488856273799,11.109066288302483,11.904670386329217,9.694048615396369,10.319884160686247,12.325433829365652,11.192398246588109,11.157464546751125,10.431490802010076,9.14449527720451,10.95102844899627,13.59683246108441,11.542122531181157,13.996522102145988,12.905262369013148,14.832204503358568,10.998262886314283,12.078220876833718,8.296088305944819,8.463700059893952,10.519902689355021,7.232967352137271,7.090465482729781,13.057577412676592,11.593945573937454,9.203849975418237,11.246605327339852,10.088791296430177,8.5813481637943,7.5086899658307775,8.814074163679123,9.769378565703155,8.78564805287061,15.028951640794446,13.881799648836164,13.720413910271349,14.672376624893284,14.722906930024404,9.330558233178762,8.9931992231784,11.061000729649868,9.607340924834826,10.17472955221944,9.631151597974767,8.80647081357417,10.64456796034514,10.540712633059446,8.063400550548746,13.371587664390018,12.161750752849677,12.194182895699045,12.720888375734157,11.679086188530487,7.739006708444805,6.843506015825877,7.599652346533809,7.488454419818639,5.890912806599179,12.373980245903638,13.289559338167038,12.689079226525159,12.261439384792354,12.216383887306,12.390441028039874,13.092898878062524,11.750574326377519,11.707727998162493,12.197158188350926,15.292218653683022,15.60229470687369,13.933592273521658,14.643272207961028,13.360756822102466,9.260264073045867,8.584968158791149,8.793576591821147,9.248877209094225,8.457077817714088
11.951402820054028,13.172781573991706,12.092556707397673,12.272685758600652,12.619257644105899,7.45563642886373,15.481466553476753,7.600100241679095,8.795352436025794,16.392658705829348,11.05800006819831,0.0,6.76821117976342,11.146696830458062,4.454080391883263,7.242895042427026,8.075524879295267,4.791774303398923,8.391446863313666,9.537894756096655,16.029857974908182,15.108857127208779,14.71999620896194,14.414873825032057,14.289745836597067,11.43011671013149,10.464949514375578,11.301684786780118,11.569581998407438,11.818982999969213,13.855131168794777,12.600736338090616,11.090309595116757,12.322026665590311,12.281147286895163,11.219874838427387,8.314975718193946,9.458598010820044,10.333643069163765,10.460963970270384,14.629203726150994,16.036665038781358,15.50469170877911,14.779961144724764,16.198483099015704,9.84241959644883,11.278321143479289,13.490403665888424,11.308362016137169,12.42954728866044,8.690710263556984,11.315077331506982,10.020489406218196,13.49805088755815,11.580499773470278,15.723199017887488,13.051995919917907,16.785219686753457,13.296702659667867,14.022509451225034,13.98543068592176,13.555416486135226,14.221680108998065,13.386241115390787,13.489456152607932,12.864017542177443,11.190759066278876,9.305865448078954,14.130364051183513,12.032568651816835,10.180708143896268,11.218335814766096,11.404778937581057,13.082054458680954,13.06082559597135,16.80037230790046,17.153148704152283,17.44582527504613,17.318009952231705,17.180349740942464,9.688546247887643,11.932814862449087,12.814698733753563,10.905683171679488,14.351855209032262,9.657164179470705,10.68682884527164,13.651573344089385,11.676074784431862,11.836051800153687,16.951423356739554,16.422655653260602,16.666738090365584,16.205173634655523,16.2991749383419,9.879354627510958,8.093866292471933,9.111033715006862,8.907033033033299,9.887211197235679,16.08002341580883,17.19226021244429,17.65312111965511,16.668465946698994,17.880467002656623,14.823715630815766,15.292485760087466,16.340983559688468,15.20634131869653,14.242782399049107,19.822511019110827,19.201730455371905,18.48307945050872,18.809251748572926,18.196559631156546,15.22576137011044,14.455941795437507,14.378075655109724,14.935654559204663,13.664658764185521
13.771472276090023,14.249117864789373,14.018714012689951,13.83615729093263,13.79420247818182,7.108610602445236,17.042786613565028,5.920074943449391,6.627507443236434,17.58353816526313,13.699081452714825,6.76821117976342,0.0,12.491044259279471,7.096131967849683,11.360791550233639,12.068578290869638,8.009225059655734,12.274363980038528,11.35230028670436,15.629872771457638,14.961083247759175,14.564154489287283,14.78044657575306,14.154755102780433,12.757445898151259,12.837897916410741,12.229301085617386,12.223802746791325,12.954469816335454,16.08594076440116,13.320751787610149,13.17186208240015,14.257559731862598,14.090638882678858,12.99637014023316,10.699643094154492,11.421491525368577,12.246000609609833,12.257928877303584,17.45743405256748,18.336995534583814,18.049386598103595,17.93132410584625,18.6725108150807,12.569568310190187,12.435501501126653,15.447330495900307,12.671025775164825,13.628848679193243,10.624222618698647,14.102065554519228,11.710786766030479,15.544752077169596,14.85355682350467,18.30672285575161,13.98262872028631,17.681439099707383,15.520105022702445,17.0969610798505,14.981662356404758,14.492952308542584,15.431328566202989,14.508959720251728,14.646907345863015,13.718147935127678,13.768490983514248,12.538909690062269,16.69014117409902,14.513887815185562,12.292698175690525,13.299443888202525,13.814347764920827,15.70465694986638,15.464927473409507,17.974869068210644,18.51251623634957,18.923750246698972,18.8531087303587,18.7723044203162,12.11671159442189,14.805142022616248,15.598805209054312,13.183849798892421,15.807359060194987,12.227118806968782,13.694314446316096,16.096000836092692,13.894440383099296,14.578817660357942,19.123924305436724,18.087369747865566,18.715882012011743,18.388286019195895,18.654138667439923,11.605963092651237,11.2481900445771,11.770189685948854,11.516816086634652,12.474148921853958,17.898152210417955,18.84314896688666,19.432225423431913,18.626463334488434,19.66694396207199,17.89331823839533,17.743042838452617,19.178858175131253,17.962898792434075,17.212431317550767,21.381352725652906,20.47883481372157,20.300847514481987,20.256542848087392,19.930156326527047,16.038177452062463,15.52758278593582,15.330999106696208,15.679677707703494,14.58731944938008
4.719943487204517,5.43642182611697,5.012778300528626,4.753281146152626,4.548408863947252,10.146381499571756,14.251587769036,10.113369185348194,11.42167841759786,14.678293326624619,6.122165968369229,11.146696830458062,12.491044259279471,0.0,9.660586330503993,11.06355638322525,10.21872696924584,9.320587814622847,9.158798036755213,12.357818963721723,10.285623518210937,10.469994006304276,10.00825535600488,8.886071540815852,9.550094985377566,4.6756515417093585,5.995892155029793,5.126903191106475,5.313834832869873,5.156534929625374,12.318547241314583,5.795563414095957,8.126762684898402,6.530889520531287,7.489116763582144,6.8218042796631515,6.868170312545262,6.026587248042358,7.279402894004306,6.590007273267638,11.857544161275069,12.44279178860833,12.940460699616155,13.13482258898069,12.85105705777534,8.738829744910742,8.11861640789403,13.747377418409798,8.738917691325634,8.686809500189577,7.593291098931159,8.471093890697354,10.072710393406016,13.213687308182033,11.786223651575696,12.934353789716264,11.384935842562342,13.995022153049351,11.093684828655888,12.747663998059199,5.242247588426469,6.4372904845892,7.85253783446602,5.48547983021127,8.395878727800774,10.857241456975867,10.737505855593811,9.208980715453372,12.997757546969856,7.853259436093911,7.040496150582781,5.556715081055511,8.362089039088636,9.586374329776097,8.39615901433806,15.265909706231154,15.250937966355014,14.366576846142436,15.029464711994645,15.320043622508841,10.048521401527614,10.909660710776517,11.70922380583498,8.001262845385794,11.472055948185906,10.107496210955398,10.56524377892713,10.727125776325975,9.043677896178583,9.902445782986753,14.20671210055795,13.082967237029017,12.636758454554744,13.193905480717419,12.587706008265249,7.575518527851267,6.270365454651246,6.885328237724452,5.910465941645084,5.359673370172349,14.359331048186093,15.770146822017837,14.356026040516442,14.731761866369009,14.288023132449572,13.73889281539304,12.840933977188271,12.543578082850612,13.077400615619649,12.24501916031061,16.504125395925183,15.948350916664499,16.15890737476312,15.886483070858812,15.425230315289495,11.100903862917171,9.957249206336773,9.87448690182355,10.717806632384683,9.9433964778393
10.855031890209494,11.916436088733645,11.234207659647872,11.458281810709051,11.38728309803038,7.189687372396927,14.756386386263786,7.774780537533005,8.082712017490651,15.446619658487313,10.573210083505986,4.454080391883263,7.096131967849683,9.660586330503993,0.0,6.17603107060598,7.696862661866861,4.666843140635901,7.6824186384298025,7.000162824883256,15.159770298552049,14.268626010719998,14.413409220966159,13.845590755161368,13.835803849444261,10.20218675939621,9.510992663880721,9.672899389776878,10.684167248416202,11.06247431303639,13.25415212703681,11.06417206155668,10.65535094986868,11.223492012935822,11.393969285614627,10.078600028442002,7.150215951279975,8.09410744463597,8.821357219135066,9.186621736224375,14.162999651931038,15.328739831796181,14.416466829092942,14.233626909078323,15.732908849698113,9.49399887502738,10.572329515093024,12.844037136478768,10.897270002375965,11.75432422432286,7.7891947443589675,10.38310943759026,8.240902456656201,12.94638743274156,11.54661459998023,14.980289744404093,12.069199181616533,16.4068497926258,12.299768739187794,13.39237453673325,12.356452935873996,11.944707433505613,13.80131282161879,11.96515930261426,12.72756336590881,12.207410469616985,10.862991233627767,7.714431239516552,13.307418565347643,10.855672412504685,9.337156399962247,9.762408517806293,10.350314549983135,11.734258956308928,12.247575204991142,15.827400846899973,16.823589928660937,17.365313102174127,16.807854154732695,16.60796484573847,8.576952752997382,10.635523994687226,11.53902046173086,9.902287887441224,12.873462144572063,8.775206809067182,10.24339958249274,12.289986768048824,10.761909398645788,11.667675260743026,15.899869368322873,14.879697644004262,15.763686310827762,15.66997655759231,15.08317354906146,7.231288827756373,6.098208563655772,6.745232193246465,6.458898215245542,8.724592253321774,15.546035478054282,16.309600876665947,17.586529931731867,15.960320561333795,17.70888806118259,14.386714956925971,14.96171733798342,15.719261868122475,14.922877412400604,13.899788695465727,19.534004638712883,18.424996233531267,18.224039031517627,17.89963508375742,18.195124052630995,14.097833467841891,13.484581227767062,13.244387947264375,13.844054700733196,12.662927344421325
11.151169440305548,12.850276294119594,11.283041457190624,11.954048981819462,11.902810284669911,10.28848463802905,13.578703552468703,11.307189180023514,12.394972172061355,14.429055979217589,9.920444356094627,7.242895042427026,11.360791550233639,11.06355638322525,6.17603107060598,0.0,4.331836156616745,6.020690446237795,4.189817107741588,4.328867877131292,16.134985850183057,15.708154512389061,15.192964546270057,15.219299128414644,14.77034273106036,9.942035780838838,9.884996828773923,10.450581359126367,12.30938668311837,11.901880297900933,12.682289549764466,12.311368262456241,11.37716031077321,9.826816927279397,10.340722203644805,8.758789347665921,7.8983940984734105,8.256057457753094,8.498247304006187,8.709178881656204,10.475694561587547,12.107840565104713,10.700813628817151,10.602989445449232,12.211938653841202,9.579501566963533,11.813125253074656,11.912631879905483,11.461890279485807,11.336881996537619,10.189605734622871,8.930376304662207,10.029279690676574,12.01404834362284,10.299266009219277,14.413569147840855,12.646968919516315,15.79146180279201,12.06887598670028,11.98401807074318,13.540954268772447,12.978239447392696,14.46965711872962,11.485683931290083,11.196887308176466,12.745735328754701,10.67979631723113,6.178386380281786,10.20993313519874,10.203509152954677,9.105472822610999,10.293781664017786,8.180318280508782,9.768438030549863,9.49050110455886,15.397462297417366,15.816998260952037,16.2730214695389,15.627012222172116,15.689006103320363,7.440879856391727,8.302261360791586,9.818957158790571,9.468601110958584,10.203091693357083,7.633062144908427,7.488862140532427,10.823083026685147,9.61024271174152,8.884649257673345,12.429614004681946,11.897490891538625,12.765180888398564,12.888103811106497,11.858191093736657,8.500188517076019,7.206970517040201,8.249825053830339,8.022723976140345,9.80707662777947,13.80866000636099,14.765769440182195,15.382908090293906,14.640123991509146,15.728796861568114,11.464387262771295,12.995341680280555,12.704299843717914,13.233851713468784,11.148142273755564,17.68381754858621,17.555491741553496,16.240758485243724,16.61508725273502,16.802337989951752,12.097705484098352,11.535774259117607,11.834920219312348,11.839314063593042,11.07324344481168
9.962360015901725,12.057774549592915,10.054333350230587,10.676201297769538,11.049233493538674,11.493958352653241,12.713478775300121,11.941766756009095,13.286261296052947,13.800582891881978,9.235462206261172,8.075524879295267,12.068578290869638,10.21872696924584,7.696862661866861,4.331836156616745,0.0,6.849045286307838,3.3035713903130017,6.598739321320762,16.163617790220684,15.866976503712678,15.273372248319127,15.422658805206364,14.835039852887075,8.819016125530581,9.040598248048745,9.991843272306529,12.291724022894153,11.85910046778312,11.854419508460964,11.921542069266017,10.718235730298808,8.558964368452973,9.269784096207616,6.529939556851272,6.686802914043572,6.690441428221082,7.367381124125784,7.138910954884827,9.517319193608559,11.164635732020084,10.328312710772554,10.552559141522103,11.419149689879632,8.994433650120515,11.872442330866093,11.234599362965476,11.310824900868539,11.45485727461169,9.609399814191,7.409331198977959,10.671288113541078,11.451001667974007,9.36449843749735,13.933945193047721,13.05643669277195,15.830474472557054,10.75199240746013,10.978827353047098,13.023004963380588,12.820863406362626,14.229376124700227,11.034663540192149,10.26978146247161,13.202770227067395,11.325593278357292,7.052452601078372,9.893355951403837,8.961302346716788,8.413603810429718,8.987005866080882,7.34666947023553,8.729083107916328,8.573550285405041,14.788921528020929,15.187731069933331,14.934761368106042,14.64391529421119,14.55620143163863,8.193164251487609,8.178991354520925,8.921786093632527,8.10652434068317,10.324188434779328,8.274255526203417,6.36475979992586,9.994835145543313,8.518789405646846,7.25641217555035,11.759854851955847,11.905658603290764,12.037721559758365,12.164917128400212,11.115102292249905,8.943139310672414,8.03262431467943,8.944494471059167,8.331301993915696,8.477227156819843,12.794176132399517,14.597128714287386,14.05725059294901,14.120933497819028,14.339851282137303,10.753482748178758,12.368926818048282,11.550282168894153,11.913328899443519,9.581040437874101,16.588404722453248,16.92213306290978,15.89505337033103,15.853804827420696,15.485044924854957,10.894607591018131,10.635840678534946,10.548029311931973,10.661601122366353,9.813929761927573
