"(1, 1)","(1, 2)","(1, 3)","(1, 4)","(1, 5)","(2, 1)","(2, 2)","(2, 3)","(2, 4)","(2, 5)","(3, 1)","(3, 2)","(3, 3)","(3, 4)","(3, 5)","(4, 1)","(4, 2)","(4, 3)","(4, 4)","(4, 5)","(5, 1)","(5, 2)","(5, 3)","(5, 4)","(5, 5)","(6, 1)","(6, 2)","(6, 3)","(6, 4)","(6, 5)","(7, 1)","(7, 2)","(7, 3)","(7, 4)","(7, 5)","(8, 1)","(8, 2)","(8, 3)","(8, 4)","(8, 5)","(9, 1)","(9, 2)","(9, 3)","(9, 4)","(9, 5)","(10, 1)","(10, 2)","(10, 3)","(10, 4)","(10, 5)","(11, 1)","(11, 2)","(11, 3)","(11, 4)","(11, 5)","(12, 1)","(12, 2)","(12, 3)","(12, 4)","(12, 5)","(13, 1)","(13, 2)","(13, 3)","(13, 4)","(13, 5)","(14, 1)","(14, 2)","(14, 3)","(14, 4)","(14, 5)","(15, 1)","(15, 2)","(15, 3)","(15, 4)","(15, 5)","(16, 1)","(16, 2)","(16, 3)","(16, 4)","(16, 5)","(17, 1)","(17, 2)","(17, 3)","(17, 4)","(17, 5)","(18, 1)","(18, 2)","(18, 3)","(18, 4)","(18, 5)","(19, 1)","(19, 2)","(19, 3)","(19, 4)","(19, 5)","(20, 1)","(20, 2)","(20, 3)","(20, 4)","(20, 5)","(21, 1)","(21, 2)","(21, 3)","(21, 4)","(21, 5)","(22, 1)","(22, 2)","(22, 3)","(22, 4)","(22, 5)","(23, 1)","(23, 2)","(23, 3)","(23, 4)","(23, 5)","(24, 1)","(24, 2)","(24, 3)","(24, 4)","(24, 5)"
0.0,4.867332548408811,5.125567796867755,4.902866244204788,4.638367538012646,8.85336312266306,7.374532970636387,8.938342283089904,8.373198814585313,10.00062046540564,5.768062089111861,9.800198499320825,6.371119596527282,6.252068610361602,3.2360734813949423,6.978360391563957,7.166263888298797,7.7361909064424355,7.444962537874932,8.340624912480132,9.18542747618778,8.348401806367866,9.257815852662006,8.707801282074062,10.033701032767025,6.776326823040821,6.7175451656620035,7.3380491679684425,6.453733396906389,5.340496234563586,7.49715266616625,5.695608494089099,8.150455785337481,6.478607787334452,5.635697244363954,3.5077232476983946,3.820498773831005,4.393091234294617,3.622422846510433,5.417888947722831,8.890552187925454,9.172192056291438,9.190437185887436,10.18412298943178,8.923456215775667,8.384019946112746,9.99484648963875,9.476534058489177,10.198221949234028,8.999265709885734,10.146613414016912,10.57979590692596,8.471817656390689,8.73662661037416,10.554045787152246,9.917618356204548,11.245823931880157,12.356582663113773,14.698964052790721,10.389160434683191,6.167000781813379,5.505040612766558,4.141009809988433,3.2083913750648976,4.879413410906465,7.344168341305734,7.616357280486361,6.623744987190596,7.927868242880535,7.2184982881736826,6.157914176605613,9.23404362618827,8.723895332590915,6.584769025113479,6.356640543578756,11.65120689552316,11.64100856675872,11.935908550544431,12.06418095187519,12.697571066322826,7.786203594092134,6.7348690457588,7.502789178803093,7.870558079721843,9.379457006630684,8.73704326680878,6.954871529494392,7.717728611284112,7.729200717986917,10.0014930562354,8.697838570088217,9.42850400795233,9.894214117993531,9.825501619570357,8.963043457022048,5.9865781739658654,7.378770093375809,6.2274142775119365,6.661086898185776,6.662561056094597,10.065632906739902,10.445510728255298,10.630069946623555,9.942054236275316,10.413588281034516,10.90050168572275,10.340925263806318,10.694965547657407,9.116427296228949,9.64711483725458,12.564020271069467,11.625239221100117,11.219846962972104,12.377951616537006,12.24634448936842,8.302423537057672,8.235581155224608,8.377403690706384,7.7566201399668255,8.405382774616239
4.867332548408811,0.0,3.6412436756787625,4.888879021366868,3.9986813442399924,7.9141762173908825,8.971251744979288,7.747933403202748,10.126112318257992,8.749983181581522,7.002204919866786,10.40715484919553,7.376037563925136,8.504508287466374,6.148511861593686,9.721714939993554,8.75207260847328,9.119421832555755,9.13662449669107,9.683136512248943,7.065309140681234,6.145250266953138,7.006665205482819,6.585167475952761,7.843223612888926,4.953470833294842,5.7654939476066644,5.221670008914335,4.922752755492471,7.260401838810028,8.214643431426314,6.852507948132314,9.64690586542865,8.556049002136316,6.553424780877058,5.580620960568344,5.721293156011028,6.002499940495945,7.151102854543982,6.708361301374665,11.431748464848846,12.097988587292459,11.826379098397634,13.053905805604685,11.214120918274906,6.816946027716126,6.492090848029911,9.445854827254081,8.972787889017932,11.045496578463094,11.920748287682866,12.557564378240285,8.879810339945188,9.401490560195098,12.533955763983663,11.82299933715786,11.808120500623694,12.923589852429341,15.421231552000222,12.932467759131505,4.520032690910891,3.973456772430336,4.394243483756836,5.488210792212794,6.387525416521948,7.734835660490871,9.534554279299211,8.460183288213234,9.972120976567368,8.009179169270439,7.705677601347666,10.139392642558485,9.118389588441381,7.691616634956441,9.142384657476121,12.710489224398604,12.010513722150089,13.272655433938233,13.275061217405279,13.612727127588329,9.914088684342111,9.404724065056605,7.48313978935421,9.298505541707456,10.248070492753925,10.390900029051975,9.602443329208901,7.6375136087606785,8.685367496973003,10.671199051866731,11.376846239897322,12.094035184115354,12.553876530513843,12.808290232196983,11.66775927104643,7.294741205630147,7.897713234730168,6.915765186525923,7.242759622234885,7.098607673584011,12.172064799733803,12.553625955901886,13.108644407865372,12.259189745853805,12.039469420132432,13.452777647899271,12.460291198132822,12.778075390429189,11.675705033430319,12.667883211626386,13.64342315552741,12.48950718039193,12.480620213535245,13.758429331275542,13.405646871645864,9.928104394029349,10.040077212248999,10.262669115606467,9.636157481892855,9.945606298543296
5.125567796867755,3.6412436756787625,0.0,4.641545607725361,3.6783814024593444,7.401716695172062,8.583271245737908,7.243680756635112,9.062929269352777,8.294058280889,7.914017673764897,9.979076057188651,6.580997711233636,7.005610906423448,6.32747772435602,7.9417451974649556,7.89088891966695,8.288008621235754,7.5741832458769975,9.32585154013483,8.307121209667754,7.226008495940857,8.03862231895374,7.5736330730506305,8.969879132334077,5.6318409329433825,4.827664731362078,6.27539849304275,5.233947007671894,7.7984540184129605,7.700221080900618,5.121972541840391,8.481554465129424,7.0090845210165185,7.097470922256781,5.876341645431674,4.93480623871153,7.131296590018599,6.539400830543599,7.443337648586122,10.709816637142334,11.090712367469704,11.440400595116346,11.620621904067976,10.89157347521904,7.306037549826709,8.258480370766094,8.58426876883062,7.993292624493983,10.663143327127095,10.79562872357558,11.421123583443823,9.343922721495876,8.225049661108558,11.3172718027209,10.717502224274016,10.953777557196434,12.957213273817697,15.030451619685266,11.92389209756618,5.201095439211143,4.017230514768307,5.570682763039321,4.50024144286918,7.23927139225835,8.662369818465113,8.975804619571084,7.437586819293006,8.733036672622445,7.679592242740424,7.793528374993718,9.226505909721137,9.860662959191426,6.174314205978856,8.107963981498411,11.390509387264924,11.976414887245967,12.676722635460042,12.591752658127364,13.25200354695216,8.401420785865765,8.215910571026802,7.222913495894846,8.454249782119605,9.113032429045631,9.489494061167484,8.257003021728103,6.600482549263201,8.211699552806557,10.166756780105578,10.633604739779836,10.741598419755059,11.578544198021268,11.678229003560764,10.385303663567697,5.797304126183219,7.446015938204277,5.7655126931157,6.897601992532617,6.316575423678821,11.42639004021224,11.49538414586037,12.194391210297546,10.870100852005589,11.912208015499619,12.02945076502504,11.670967347556582,11.48118011086181,11.042413648740352,11.838227890017372,12.595469799746073,12.568952484408538,11.568099416494759,12.714575959934004,12.750483485266601,10.635097563885665,10.738747969952833,10.977604155641838,10.21398603687713,10.662529337317048
4.902866244204788,4.888879021366868,4.641545607725361,0.0,4.3534308879776695,8.616892157835395,7.804297225041273,8.666289763806741,8.965142459412704,7.760589964933381,5.5338435144533795,8.56452785963317,5.319168104356788,5.7342536483295365,5.201612520843718,7.115678414659244,7.1878583866799755,7.067070203344881,7.100243218599776,7.897081612808582,7.390473909728837,8.43384835329553,9.293249458489875,8.862710513544963,8.489108461826039,4.149391475042599,3.885683032839045,4.913640427056198,3.4264684422354392,5.462845645544982,6.761361403250969,6.818915245239657,7.727242041104151,6.55272876522133,5.010290296690547,5.423823516969877,5.2991902774294655,4.095869841120137,3.6910146408963116,4.5690983174778825,9.063393002917358,9.499609765880887,9.569118633312952,10.762389981129262,9.073254292511507,5.521941511007832,7.015036745027442,8.326591429297856,7.851751927385266,9.052971289812419,9.723946026203192,10.3464217703551,8.028997310468853,7.8698197340643,10.780151552167645,10.503842983761212,10.734749589185705,12.414787903468063,14.557645325924948,10.724825309550695,3.0607607532359564,5.149027873210463,5.455655775419495,4.936724577124262,4.362045905878644,6.948746884202716,7.4039061297187025,6.235851999913801,7.90862687516149,6.483452247337845,5.661009550220207,9.0224617004506,8.431051646102661,5.4694801867594585,6.510601804746585,12.948434467714092,12.886962020973442,11.361673265114904,12.01375928147277,12.010665124297342,7.818005101838834,7.019581590943683,6.565276473792365,7.334917690500533,9.08184837601204,8.89714909929174,7.268795934330691,6.713244186131658,7.166478822381643,9.893020918928107,9.077128615635074,9.778136162665172,10.516561276139434,10.323448454717948,9.190349205189438,5.256064284781811,6.60070360902387,5.4853114934177825,6.544799572353903,5.693813473023849,10.089538274002447,10.381480840145745,11.010899191161572,10.196922524061197,10.715517008504472,11.223923299283944,10.427897038818243,11.02011057251718,9.360106118114787,10.221305103797851,12.603631007125927,13.237727916863612,12.630168534275185,12.352745320905441,12.288105370563557,8.470665835420547,8.350500125127148,8.603495725124665,8.433918170037314,8.619045364348253
4.638367538012646,3.9986813442399924,3.6783814024593444,4.3534308879776695,0.0,6.741772424398723,7.857872391471713,6.70009267727245,8.865968824667794,7.719446180031933,7.55604299148328,8.972812567437122,6.340175876457815,7.335425821907198,5.62716594500839,8.47664133507112,7.722985443536364,7.8209034460673585,8.214054359020151,8.5488286915115,8.606112116843912,7.756847024861522,8.557070185633602,8.062785701439275,9.55780262058774,6.174007834517413,5.426884384186619,5.396144748137335,5.592180788119154,7.344493607137106,6.540980307162526,6.165225104430521,8.265733098875444,7.810789548430655,7.0212792728798386,5.772622522029998,4.78735793379665,6.296914368572381,6.136049971347432,7.04104802191276,11.001999610513241,11.419017849610304,11.241688011636692,12.064480098314489,10.780262067723985,7.860130518657671,8.37930869401462,9.461886698933709,8.68360457420969,10.948658010692725,11.899403852248575,12.297609235247036,9.745133684323372,9.49000141397317,12.254407877942779,11.12733283749107,11.668653943186296,12.924861496428157,14.862454425914121,12.244858526517426,5.233826108793029,5.2261333313604315,5.2881300356094405,4.862542314502967,6.52652651774862,8.295293344134034,8.911519324760455,7.546259533376032,9.291213091358749,8.060524118400783,7.44280633969942,9.722507092817468,9.853966177410653,6.545153888518516,8.331756813341151,12.61011314713585,12.47322246679531,13.492665469475213,13.410835727363525,13.996903447706725,9.193742283244548,8.604334924827507,8.048351343598782,8.838356437676268,9.95077336627403,9.39424093089163,8.557930826348898,7.928554675600005,8.502397582552483,10.695292485792601,10.939772842304544,11.322075126364417,11.767838607014609,11.951605412044545,11.03886263090912,6.099315651375794,6.460269248532721,6.070936843378934,6.05750867803198,6.650968710508315,12.176591195479457,12.225978989132654,12.854758660421098,11.853175626476146,12.087979182695802,12.602497229493538,11.521976075639836,12.115841050379284,11.013229012168045,12.07021210598297,13.959046129348081,12.547180228569246,12.329982107228862,13.862403337518556,13.888591847559963,10.085636784263432,10.098927492947936,10.30727282468639,9.747620624253504,10.17638996318869
8.85336312266306,7.9141762173908825,7.401716695172062,8.616892157835395,6.741772424398723,0.0,5.664250040637717,1.3559337652852965,9.131428036801557,3.9204789525689723,10.486951010476284,6.612894487805935,8.829010212531879,8.93472181143172,9.118822585481894,9.923215964075224,8.399265573073118,8.150348473329435,9.218711580403687,8.515616820222366,9.677191412079903,8.453030450512125,8.555023822316654,8.871101807512403,10.479316459304032,9.039062680340615,9.306120072644411,8.91174774116108,9.211149065631547,9.895239347085885,9.099052853205201,9.503860764570927,9.684785955633433,9.759436017646475,10.014998710253868,8.916720476246342,8.759941989217886,9.993207410208647,10.142129746785754,10.316445126713296,13.723390034999476,13.672882971359664,13.56924503262068,13.898476811187955,13.749987766945376,10.080799271948212,10.706930299534902,11.275508689273412,10.198372206769934,11.694465070747697,11.907654064747227,12.099230182375829,12.429014837574996,11.968816249081494,12.293115761650371,11.750725975633854,13.220137299437948,15.69949646543528,17.38458125736796,13.815532606356353,9.190400024563838,8.009431436764922,9.323126771032435,8.960321822898525,10.266060521568853,10.935534363690275,11.16762757309434,10.460273163991522,11.03391263199508,11.148499470731,10.89297789302644,11.966572530717789,12.413501297899987,10.393106348809193,11.178999826693483,14.524060674892572,14.48624251290042,15.443122892679204,15.011980850909579,15.4292137472213,11.00265330911012,11.217459435047806,10.961523738700938,11.721382869704808,12.201176039878213,10.807127422951579,11.305701283709087,10.216423702855048,11.660884562087023,12.155289786377017,13.457607123113338,13.591482021483522,12.931863660500316,13.90422633931073,13.150155004252243,9.90994639132889,9.653397690840528,9.767905599666726,9.464172464994542,10.174735690956048,14.354072921579668,14.520702002026797,14.663494875663357,13.970491655617417,15.032003766550336,14.293534420881757,12.762428454492564,13.689902885393833,13.356831397945506,13.533689803156403,14.757025164400735,14.763849854822018,14.428220850381631,15.50190089702077,14.946001402316796,12.58373971239499,12.421984219507346,12.618518944580194,12.333957557915525,12.659132964556534
7.374532970636387,8.971251744979288,8.583271245737908,7.804297225041273,7.857872391471713,5.664250040637717,0.0,5.720452500573396,6.3849771032337825,5.476768704338289,8.015532067420493,5.460769302497017,5.774732421479497,6.023461486050707,8.100775021279848,6.764821634479332,5.572290391245653,5.151998178493094,6.167074187777529,5.764962707899497,9.805793462431927,10.713013515217021,11.173719979849988,10.985632833870236,10.669878964663303,8.916530193649782,9.305040623241071,8.741530393616642,8.754177281712408,7.665011398777755,7.276615037774003,9.049519837732142,7.7082445138786175,7.560483161811601,7.436277506580221,7.730397694975327,7.225807987877984,7.040916983490624,6.860821344717426,7.2994618053431735,11.552480498123723,11.376296563028093,11.164666582476515,11.078991311807366,11.596423073449209,9.912294293989778,10.791908790015688,8.842859050546737,10.080404072835302,9.989793323275759,9.189129329377428,10.14513013234419,10.80119599656333,9.861124906980471,10.682290548375072,9.469827690673416,10.767238946119488,13.858182524300805,15.13380502866921,11.780047972460162,8.645028073079574,9.303036506316346,8.370045821463469,7.695959881702555,7.31100387242313,8.96561465966992,9.295677701564774,8.501740012959308,9.059345070851325,9.225539370225324,8.752000068826767,9.752415495004671,10.562824673005304,7.499786186372055,8.807646649674304,13.699302553184364,13.44508753883123,12.15235881734624,12.773415126504675,12.437234487669784,9.007218546035828,8.87425605602526,9.030874780893479,9.34820999532496,9.756446247762314,8.586233752996668,9.003373767029393,7.876521733548133,9.50490408380666,9.53244055004449,11.047317716099464,10.959961190542934,11.356985433459547,11.136868887335474,10.49250515527418,7.05514219922204,7.297552341159238,7.142376979009832,6.921590284491352,7.12941732942685,11.548704018679953,11.6323793689894,11.68282975325803,11.2664472776564,12.529752004462287,11.501913892663316,9.994223655316825,11.411046673229887,11.215257477099595,11.442610385648187,11.313247762728093,13.82174062770228,13.359846371276246,12.396977129765068,11.701192992793004,9.567510458562616,9.717105620700407,9.488885296561532,9.189742168310914,9.741882171718633
8.938342283089904,7.747933403202748,7.243680756635112,8.666289763806741,6.70009267727245,1.3559337652852965,5.720452500573396,0.0,9.114551399874665,3.408275821933483,10.797308062972238,6.944768452519975,8.75242905436105,9.116077239502236,9.259675566009875,10.317456101767936,8.45472864972673,8.259788775202425,9.216271898238416,8.507373367741273,9.765480534497613,8.481495832163803,8.42860533143208,8.728570530394954,10.293249395661665,8.73287147227259,9.185536592783794,8.770516573972218,8.982849338976854,10.214057898085372,8.894785955368727,9.398750576444678,9.863762930906887,10.016425259640421,9.884120797926522,9.10168325824326,8.630346427823943,10.191913909946189,10.22998023498522,10.585115192852992,13.884237075431269,13.943727835890389,13.857499784253944,14.120191534354296,13.895387818185869,9.786390854647744,10.397522494194225,11.183523133326501,9.778305744184937,11.674843183350825,11.964408814400048,12.026735554538858,12.144849887931498,11.516239752659226,12.167279265423016,11.483671247737503,12.844164162621453,15.382723493689479,17.116578528199213,13.653352320392129,9.069439860600172,7.732555340561042,9.259014181077458,8.868843513825759,10.28721789739528,10.72545171927758,10.861336297677028,10.42804479836182,10.917909132066976,10.969561068841852,10.954031611529913,11.847077755532874,12.220215311108655,10.305785721547055,11.180114296780797,14.579223894763837,14.593121904893302,15.518703824130034,15.28673644593127,15.587586179273067,10.830221486029453,11.18327005790187,10.723901353074341,11.7630230911204,12.22040775698054,10.550437304154187,11.421395437329586,10.0850221833503,11.632614967920485,12.018087715174621,13.7734050551087,13.851410305047253,13.466862897573561,14.128010813399278,13.41164453163857,9.82976244455299,9.57793747396246,9.683710106814296,9.434787834428885,10.112026813600764,14.557413872659264,14.744610681210645,14.761285078211921,14.210900367320747,15.236399076921355,14.431329115886456,12.867326324595387,13.873844826087812,13.64101516693505,13.722807025904329,14.642614626321118,14.845672079451516,14.511734592641384,15.508948197056931,14.974284506803718,12.873418561589455,12.74648382008931,12.943552516374481,12.62358444277494,12.936378364686279
8.373198814585313,10.126112318257992,9.062929269352777,8.965142459412704,8.865968824667794,9.131428036801557,6.3849771032337825,9.114551399874665,0.0,9.684763857310617,7.069608257671259,9.720109411953988,7.102383731407316,7.864438263071484,7.975513350042848,7.004397557539712,6.869889457286433,6.754964102411337,7.545267682324999,8.11889212299749,12.050820704597669,12.554355612252499,13.009689625107045,12.650407747953246,12.159519113023064,9.689467757725788,9.491715047103659,9.728404598846058,9.250569302861294,8.52261838634191,7.9543208678132595,7.956148940066669,7.658404005683741,6.959384971588479,7.584768881279073,7.674775126197044,7.636785307421888,7.856636485452755,7.398503038120321,8.22972071346411,9.708655694390899,9.662431949076767,9.503033915983995,9.748306186807222,9.849004117808057,11.035858263676648,11.878693473484677,8.50810876606536,11.799424740395846,10.578446451547851,10.254129922441248,10.407879691609594,10.492765158165478,10.767555232169533,11.377713417707579,10.166060952197686,11.576322400566262,13.611625654492551,14.733997521155718,11.285122552807602,9.382032714228247,9.933428734311082,8.23123493917671,7.813918184120523,7.822560785930414,10.14470013597893,10.049106105735198,8.553740805701652,8.910594806349478,9.644107061325622,8.90987756495378,10.182797827782295,11.349666989181681,7.982284054471435,8.85103811769133,12.377911486412314,12.190694426389713,11.986295185736404,11.381526822343284,11.998497038976936,9.34398791950013,9.206103891487013,9.957105748555302,9.835999434673525,10.72273903966916,8.830973389898912,8.847901613700456,9.206993034558662,10.043095680653913,10.098057576409778,9.31052201129003,9.43659456933257,9.663388727191267,9.786369231936845,8.795496788756775,7.963909617848066,8.576393223563151,8.374462689935102,7.058231839983335,8.102778568050283,11.260662243456688,11.21280179672444,11.098675426243748,11.03126630693339,12.141164516833078,10.909708794956497,9.283975019068437,10.630637454062441,10.7713734107157,10.637193369295069,10.762915067797472,13.312367131032323,11.94296341429828,11.788529059348452,10.934315949330394,8.805667987971745,8.727008862332283,8.724476104039827,8.563279634539006,8.604377036025879
10.00062046540564,8.749983181581522,8.294058280889,7.760589964933381,7.719446180031933,3.9204789525689723,5.476768704338289,3.408275821933483,9.684763857310617,0.0,10.163351385966777,5.569083125865074,7.835584534785563,8.222899082298037,10.41147757921363,9.617266862784739,8.522814359115793,7.723926619095172,8.783792363812802,8.171843716777012,8.416442275206581,9.122518683144657,9.300068535950526,9.459367485250707,9.25618754650167,7.984751391617551,8.542840785353876,7.864967054282599,7.85153541238287,9.869470510183598,8.31489143289871,10.419796479966097,9.227118843407224,9.678359025867456,8.851305352168843,10.268618834441929,9.715223325204988,9.443709266038592,9.437039562844992,9.629821731760314,13.450774457638943,13.726598201099046,13.531313881035443,14.098269099772967,13.490321268752119,8.988953486173003,9.714315829316584,10.44762938350093,9.498958072082448,11.405739607175688,10.732981666116395,11.44307591542309,11.66971551744071,10.916240676114668,11.847670239522046,11.972540357647546,12.403622787611774,15.202471895955295,16.415019810398285,13.480844480148875,7.8835947754554905,8.575243129867433,10.166760288935093,9.878904101829871,9.200918776334122,10.038649292311352,10.438935917381288,9.840190256788018,10.738864268802576,10.288049565660819,10.627802158071635,11.666805970697766,11.69848090544304,9.323522527470507,10.6880294015716,15.749767979638658,15.870778664047991,14.959175398581767,15.183673603722633,14.971747571446214,10.492800396113378,11.09831187776885,10.139469030604703,11.359994763518586,11.864238618633046,10.52041410674009,11.39528544106967,9.657813015659979,11.239446088453477,12.303939013844444,13.424805085498921,13.64548037934442,13.684282614245873,14.061404395667807,13.13385875425275,8.960800987155146,8.761004701286165,8.895663480336086,9.075435106950934,8.97573877145591,14.41053970313665,14.562176432673192,14.941187731902534,14.079428605678798,15.052473642541642,14.419192624038521,13.045211053872178,13.915541371862945,13.405784884291062,13.68037116410006,14.084244818296373,16.0567590924061,15.784838827979886,15.062396014726028,14.675121262620708,12.15477854643595,11.882578127191175,12.108681746209871,11.683836843221918,12.067584611410807
5.768062089111861,7.002204919866786,7.914017673764897,5.5338435144533795,7.55604299148328,10.486951010476284,8.015532067420493,10.797308062972238,7.069608257671259,10.163351385966777,0.0,9.368028149213549,6.605631362217633,4.7865032376825845,3.3287154737421174,5.428824118088513,6.287895792175782,6.5184622407068,6.0411591392958375,6.834066123493654,9.37128045094921,9.90913152962335,10.8469426140483,10.163382202201754,9.650446895152783,6.437031175452294,6.10171770663005,7.001343356928018,5.915858416210981,4.184508320128594,6.7076986972007,6.233595867908555,6.310283160761358,4.918651880953371,3.803918273968916,4.37660584807401,5.000482904353211,2.888249405985742,3.849948704153809,2.672056470743319,7.838129277803218,8.771954785587022,8.316946215446857,10.099762078542556,7.9616082189898805,7.723234337812131,7.829566506535502,6.264141942687655,10.14707904326217,7.677702641307462,8.695894011659002,9.67664524944605,7.041294075439739,8.099276693450372,9.579121459090247,9.868768945116052,10.40227668244273,11.586214046012026,13.393428994527843,10.252206019208009,5.719013750693481,7.718784468475713,4.349255035172021,5.2876650122024635,3.6761646155761225,5.723491427678253,7.124912045951908,5.402613666805984,7.623225152441121,6.033011195816231,5.187266701961376,9.158733308424594,8.218073212272204,5.698794045442465,6.264470333064685,12.095563685475819,11.791882616615318,10.106555989200839,10.964253646081852,11.418631731458698,7.563734367927047,7.291470181769041,6.253176411872098,7.450059384253575,8.111118602689382,8.00206824294337,7.265185436340335,7.111091830536251,6.911894779011468,8.123824209202724,7.5393318527575754,8.598643284245403,9.644191818388924,9.726225984001527,8.154764508309233,5.095846054114942,5.908373200276298,4.850358283014623,5.634300971881216,4.9490217258963,9.270258286606742,9.94021640153054,10.365543201023188,9.907327173109074,10.251061641176943,10.74369955556134,9.279542252961923,9.97586243370139,8.631269244308296,9.446727545236525,12.125472910441166,12.093826029729286,12.630535670936288,12.690002689622391,11.454532774158618,7.230693998747889,6.676280452764457,6.852794734408394,7.092447055233354,7.080347524005857
9.800198499320825,10.40715484919553,9.979076057188651,8.56452785963317,8.972812567437122,6.612894487805935,5.460769302497017,6.944768452519975,9.720109411953988,5.569083125865074,9.368028149213549,0.0,5.692393619518052,6.631744573636478,9.528679446764018,7.027310928149686,6.688577747033886,5.651926553157949,5.8853579087046946,5.944751216162801,10.416574361418538,11.484240642853287,11.573949776933045,11.82109850892848,11.562631133519249,9.491839156449473,9.468230492721673,9.328950212119322,9.306899223926466,9.060097777488911,7.770783989163258,10.052060973596404,8.83652570107903,8.599318234728406,8.798439269955972,8.824451898273084,8.558798217203776,8.402850885976173,8.088072654830953,8.329966191004322,12.592740045021987,12.075701826856802,11.62308149532043,12.260572636510236,12.49017931392527,9.454372529701601,10.65798999114697,9.165912461712768,9.588381353460873,10.6940395528475,9.134175703395258,9.108489971247062,10.290301341849343,9.591151844967108,10.028900120529178,10.666817903887933,11.126206212371054,14.039888406794036,15.729290299455956,12.11758447573447,9.312367752892438,10.708072072510287,10.179915555043948,9.87477776996904,8.695818655257334,9.26797235694435,9.601950655274733,9.177441924322764,9.405532750461772,8.992901293317425,9.514732548918143,10.292090358973256,10.962828606868191,8.47260558673506,9.643652290030456,14.139527763971973,14.388660492012171,13.37289472371067,13.30306248933475,12.7537316407941,8.645031969356948,9.740338205867362,9.406760907681068,10.114774635125684,10.226812705126118,8.955298951005647,9.694996086919996,9.183549736921965,10.121943900339511,11.227571395222276,12.381217599576098,12.120787436079642,12.604831632131347,12.236082633697798,11.79224806753415,8.009005758471416,7.608514162117422,8.072410588625837,7.278717799440052,7.704385541878404,13.016249410913158,13.234454223962796,14.20296532004215,12.686658017323806,14.218197692367331,12.573472059691744,11.28805431430319,11.185791186807357,11.734408673711215,12.097070354364696,13.895302535241138,14.710140171620996,13.807452473725254,13.648183153968061,14.034420897046001,11.495409110061393,11.340073675475494,11.559455230051116,11.352136883755753,11.435056124044237
6.371119596527282,7.376037563925136,6.580997711233636,5.319168104356788,6.340175876457815,8.829010212531879,5.774732421479497,8.75242905436105,7.102383731407316,7.835584534785563,6.605631362217633,5.692393619518052,0.0,4.306858670141754,5.976251759845647,4.772496398377153,3.8485274600615513,4.31798854144574,4.3993703060141245,5.174701704686045,8.77232039771492,9.582677834233843,10.333608088861828,10.031728407512288,9.658774089086098,5.51883637343955,5.7319255741452855,5.8778324559025,5.275479009358708,6.180461461001383,4.013676864069398,5.802331987016253,6.7840822735370665,5.998318893189913,4.7280048697811825,5.615450742263267,4.8191644314646185,5.000637913253577,4.4440199475766295,5.677189003257863,9.402264169326005,9.188377705559219,9.30118531201749,9.70468155351259,9.54138399014846,6.443770444945596,8.260784249043807,5.5148559418036,7.630825302053886,9.483865036870736,8.389552281211968,8.52470948921234,7.341057013775516,6.935432027477032,9.68716210984485,8.796197292188163,8.45783132888993,11.180464250668528,12.999871090527467,9.559828560057879,5.294677544830018,7.255970479380378,6.457925085279523,6.033934606337046,5.135482874872793,5.779740671366698,7.220687877179027,5.884501828824829,6.493341444373996,5.538888396804438,6.6180952553471295,6.450137163298249,7.835505562428931,4.295968183254099,6.634954149423185,12.086821264417173,12.522762308264936,11.083461550183749,11.530945008018048,11.016700649775911,6.085019701321171,7.349961314594011,6.297887153127923,7.3958163601589,7.676501406308312,6.1006638920508065,7.1285766790710845,5.968137275205408,7.262519282551276,8.21502884645069,9.338743456251104,9.088981269276838,9.870315296793539,9.701976382950908,8.489566430585723,3.564079445965634,4.189828980506212,4.055760527723049,3.4319011198221014,3.4097494397460437,10.338972910600935,10.289872061352087,10.803461198827927,10.066240051504623,11.27923079658816,10.239088608841598,8.923205254386945,9.228931932272733,10.034261613199781,9.862325543083848,11.656953019185416,13.078454897523045,11.950294647689635,11.48416638562316,12.142673282842194,8.462303679975223,8.373335187883347,8.638269236572125,8.540560624867112,8.560026344198846
6.252068610361602,8.504508287466374,7.005610906423448,5.7342536483295365,7.335425821907198,8.93472181143172,6.023461486050707,9.116077239502236,7.864438263071484,8.222899082298037,4.7865032376825845,6.631744573636478,4.306858670141754,0.0,4.913398288241879,3.820387298239401,3.9049835970069666,4.030292138284057,3.52041996430624,4.490584234132585,9.458150014925074,10.476466947058382,10.42256032068829,10.714300483413034,9.792444811563408,6.850662549558864,5.699661799814531,7.360224503115801,6.5013255452003635,4.9199283145959845,5.9228653649573575,5.734489824999874,5.981240389838776,4.862396100548699,4.95447666969982,5.262581734094493,4.087781584362271,4.5885148289064155,3.3506986246460584,3.7171658120323667,8.64306841085434,8.796272841410591,9.20195265178787,9.630705482420728,8.68446412269073,7.208144233594718,8.277560912655614,6.147383919013466,8.313280187543613,7.50183631902525,7.314666454841916,7.971921024796849,7.068277049357927,5.840426373401576,7.736961292774125,8.691931687166573,9.408882584499768,11.20123770019225,13.398586525279264,9.880735719977555,6.590450958971224,8.340065801909601,6.755809137070181,5.8288216310863605,5.24576352582541,6.200783152675235,6.5359537440892606,4.884409906225245,6.753881594526835,4.765827604990282,5.635625107117202,7.807714390434469,8.057075122741777,4.26430321545356,5.809897468898917,12.16850255156792,12.874706436654115,10.712636750791129,11.847932947761718,11.713272653135544,5.3846833020767075,6.365585752159674,5.759751172550873,7.058370598814711,7.087285461140328,7.130099757421949,6.4470526803941155,5.6319411923052325,6.718979235147131,8.042735645598647,8.583135269047878,8.483853333748305,9.558168380359696,9.529014459392222,7.918011519648092,3.5003470428603958,4.408214875293333,3.9165438010495017,4.786154205061338,3.3848568789447073,10.03208776860095,9.97491873250869,10.441464042595147,9.424199351577105,10.60140722180438,9.948520720365712,9.169729776220073,8.548775032494778,8.555797487370693,9.207254324812157,11.733901321781234,13.537394086129051,12.116339019999328,12.074444579935301,12.145319128000907,8.883951937840886,8.066330848674774,8.209500751431547,8.713474531372015,8.681965490151963
3.2360734813949423,6.148511861593686,6.32747772435602,5.201612520843718,5.62716594500839,9.118822585481894,8.100775021279848,9.259675566009875,7.975513350042848,10.41147757921363,3.3287154737421174,9.528679446764018,5.976251759845647,4.913398288241879,0.0,6.278781053985688,6.290502051663349,6.827527763794633,6.6627237027518325,7.39895463004721,9.470811485758276,8.458979169713515,9.450633679152983,8.698572161038786,10.035430603525851,6.294533534691091,5.785931574186537,6.804497737429595,5.785941546521986,4.849768008862539,6.978574919187123,5.012037498449757,7.600355551533722,5.991293388019861,3.9173769961162286,2.37553766393681,2.9403104717070816,3.1232413683692037,3.0286085776505316,4.029147053385884,8.474960332815503,8.805091190871359,8.867269225705842,10.033592539179027,8.544196577132602,7.6166803947550905,8.319463731353817,7.829246846820749,10.077206181656845,8.391197529659662,9.805228774726972,10.220482967779489,7.340959227980447,8.02512731791389,9.818260125158186,9.774528517064779,10.706504577127658,11.487085872366858,14.22900337737137,9.99023071076162,6.019519789762418,6.204102989757426,3.846521461265597,3.804889983920684,4.540330065932658,6.644338694986988,7.490276096084178,5.418153868033085,7.6976120020131535,6.322596125168658,5.263654056798478,8.901417112860466,8.152126331173427,5.874457093943035,6.427894445800042,10.458801422879665,10.845007437766853,10.407049849405812,10.823107154803493,11.89480699544094,7.579689243133308,6.9608389981387635,6.577616693707394,7.054864530146277,8.159249663632899,8.000368823452092,6.892633118729534,7.135696369168782,6.507036690095828,8.411893198159081,8.256845318029391,8.865481432188966,9.555563558215608,9.519104870444805,8.541290957190979,4.908002006153006,6.537240564211417,4.734375357646715,5.632602307675601,5.301560243511005,9.231712694674453,9.909060511275571,10.35162221538579,9.788500449469637,10.493317894270477,10.518378149921386,9.682104185086613,10.240389457402163,9.031982612434781,9.483649740768199,12.335886252886054,11.037925115544065,10.97487532692518,12.546574458512012,11.822507441738273,7.883862611416931,7.40803059185191,7.615603042189322,8.035491602993067,7.976085147208922
6.978360391563957,9.721714939993554,7.9417451974649556,7.115678414659244,8.47664133507112,9.923215964075224,6.764821634479332,10.317456101767936,7.004397557539712,9.617266862784739,5.428824118088513,7.027310928149686,4.772496398377153,3.820387298239401,6.278781053985688,0.0,4.524477021902075,4.594303328693839,2.6172003896827425,4.208622254637319,11.164751290597689,11.955545112754328,12.342825831580544,12.200428834729559,11.661816130581304,8.027227660612024,7.286323491487347,8.681473872550443,7.747683738144657,5.40354992242511,6.712825969230503,6.673073893914434,5.598824688381543,4.88975519981346,6.474535401052527,5.91367578812721,6.0932080561532445,5.906801043981162,5.043370936022047,5.461835526614207,8.245231929581822,8.133601798597926,7.986587773499488,8.66511816288001,8.418010940685294,8.07810020165833,9.296109824847424,6.274642812773632,8.32730035762026,8.240964385338158,6.712763262989497,7.637003338945489,7.788291068013287,7.177732554684838,8.147421374969289,8.216313473634715,9.703429520260547,12.032509074596375,13.845168679686648,9.782607353802222,8.041042784805517,9.35272406128093,7.7200776570691545,6.873407077634486,6.298791976147911,6.729642125960383,7.433166725845372,6.1035604025942245,6.940590536364605,6.391870616137266,6.302644204633585,7.6786883681984435,9.348909069533173,4.783980911650007,5.714385124789414,12.529191454892127,12.845404413948502,10.870545991257243,12.144901940230943,11.512046967331926,6.102719955447868,6.4072794758109355,6.917292004098841,7.745838923992463,7.581717095637436,7.197264003093542,6.204023884066545,6.141006921036018,7.830153362575607,8.723009255995,7.78652058714293,7.829065947310525,8.53545258556034,8.697410580289194,7.317743688539855,5.307886411477255,6.111855957064064,5.77587705247746,5.757609529566717,5.186769295753964,9.480226532359467,9.486080084902905,10.092642102321197,8.93019788768072,10.45721541153479,9.03942799949532,7.908971084151608,7.594225048062871,8.01231745888134,8.385608371764855,12.662067276797302,13.589243224686223,12.720070087758694,12.23249664966445,12.7161612648459,8.3332970604306,7.806319524419005,7.909519994236962,7.932923772756517,8.116305434118672
7.166263888298797,8.75207260847328,7.89088891966695,7.1878583866799755,7.722985443536364,8.399265573073118,5.572290391245653,8.45472864972673,6.869889457286433,8.522814359115793,6.287895792175782,6.688577747033886,3.8485274600615513,3.9049835970069666,6.290502051663349,4.524477021902075,0.0,4.219203524274235,2.753042429479864,4.322522051703607,11.093681226287677,11.159563154621715,11.458526236759152,11.433248733911514,10.633918667262986,7.776363321822991,7.261774729254884,8.08083701214759,7.790184948118725,6.565341285829125,5.878573761637646,6.624457146916398,7.014851699408398,5.26019219286485,6.037560001617762,6.420215631116938,5.867847965932436,6.351503218464232,5.938305930987974,6.306447139819039,9.90695376001317,9.762650992318775,10.153685243702315,10.252047514816304,10.092177625154719,8.47761284647557,9.942690112693223,6.55130268197513,8.981180178778112,9.090538048194887,8.691567036289953,8.850739616747253,8.698048312249552,8.528813061592633,9.34017555143832,8.75580337376112,9.474219457176066,12.567477666600098,14.166343302193216,10.532265826903906,7.814681365621615,8.937995006273171,7.150078444054993,6.733324106656334,6.441555453396093,7.5179426790558495,8.366496064663764,6.978658467530044,7.387284314758737,7.312540447406938,7.367883477427511,8.086711387503943,9.938433696456924,5.87431928228144,7.349718770190613,13.027332254575901,13.252627205136971,11.861250271498552,11.584384379378392,12.097802580320769,7.38500748991819,8.140993202988072,7.757084433724696,8.678504771250278,8.714509949108352,7.113386452473637,7.997255322854472,6.94589679902453,8.608410672539993,9.311866822352812,9.783144539025052,9.500176813071437,10.41468362968532,10.253623545226333,8.731519928481994,5.785655958677472,6.091696199460251,6.071750029346916,4.4849042172327565,5.156503671765461,11.099733753569407,10.973562151638834,11.382418969502234,10.806230595741402,12.076747646795646,10.870744478956462,9.502782475480467,9.562530679307296,10.415036003920525,9.918533799258368,13.299899584353192,13.992419753889813,13.117422185089467,13.012262531315708,13.029612948359013,9.46782097614169,8.794236154192067,9.086256359504848,9.380174172694543,9.336161749838723
