"(1, 1)","(1, 2)","(1, 3)","(1, 4)","(1, 5)","(2, 1)","(2, 2)","(2, 3)","(2, 4)","(2, 5)","(3, 1)","(3, 2)","(3, 3)","(3, 4)","(3, 5)","(4, 1)","(4, 2)","(4, 3)","(4, 4)","(4, 5)","(5, 1)","(5, 2)","(5, 3)","(5, 4)","(5, 5)","(6, 1)","(6, 2)","(6, 3)","(6, 4)","(6, 5)","(7, 1)","(7, 2)","(7, 3)","(7, 4)","(7, 5)","(8, 1)","(8, 2)","(8, 3)","(8, 4)","(8, 5)","(9, 1)","(9, 2)","(9, 3)","(9, 4)","(9, 5)","(10, 1)","(10, 2)","(10, 3)","(10, 4)","(10, 5)","(11, 1)","(11, 2)","(11, 3)","(11, 4)","(11, 5)","(12, 1)","(12, 2)","(12, 3)","(12, 4)","(12, 5)","(13, 1)","(13, 2)","(13, 3)","(13, 4)","(13, 5)","(14, 1)","(14, 2)","(14, 3)","(14, 4)","(14, 5)","(15, 1)","(15, 2)","(15, 3)","(15, 4)","(15, 5)","(16, 1)","(16, 2)","(16, 3)","(16, 4)","(16, 5)","(17, 1)","(17, 2)","(17, 3)","(17, 4)","(17, 5)","(18, 1)","(18, 2)","(18, 3)","(18, 4)","(18, 5)","(19, 1)","(19, 2)","(19, 3)","(19, 4)","(19, 5)","(20, 1)","(20, 2)","(20, 3)","(20, 4)","(20, 5)","(21, 1)","(21, 2)","(21, 3)","(21, 4)","(21, 5)","(22, 1)","(22, 2)","(22, 3)","(22, 4)","(22, 5)","(23, 1)","(23, 2)","(23, 3)","(23, 4)","(23, 5)","(24, 1)","(24, 2)","(24, 3)","(24, 4)","(24, 5)"
0.0,0.08710670383975061,0.07912169312895356,0.0713646502126063,0.0908457635693678,0.15027784478599793,0.05404693051534104,0.1701345444333897,0.07153347461673376,0.19840765436411711,0.013403888405491782,0.16746181991748477,0.035686370304058745,0.029278654322160813,0.006474691725289805,0.03510218796123199,0.037716365115596506,0.04149733383119758,0.041890721861392866,0.11376687287603815,0.1540504525284313,0.15116288291801183,0.15852693490568437,0.15130783285702443,0.1527207802705698,0.11651980814899698,0.11523249337278085,0.13760340643075275,0.10499924947032357,0.042188065159253774,0.07604919275522293,0.042672930013776145,0.10550451360809554,0.03193502817076199,0.03229101415944602,0.010528046254811518,0.00817198992897139,0.010000509660612611,0.005980760365840165,0.01671098885823885,0.09399352685020068,0.10369025106080021,0.09804921437736025,0.12915455615970672,0.09029351769165883,0.15149185487951145,0.1770299786641032,0.07938184392619174,0.1661896441719395,0.1302810977032316,0.1854276788087713,0.19017740234626646,0.109147759325531,0.10600492478196855,0.19634301038693935,0.1920946025064555,0.1758307928862436,0.28678202755420634,0.42840225874580884,0.2279735286480875,0.09756556539384753,0.10664501846014462,0.01513125837347451,0.010711200445574276,0.013788076818770145,0.06762794173382625,0.0868980998050819,0.05794822044259962,0.0896010487791864,0.07032955380060013,0.0499962084312261,0.10602448430872269,0.11847948652926354,0.03020391081683671,0.05611125030620834,0.2627055074652529,0.24948258316019922,0.24417276866973636,0.2443828481505479,0.26004174374117417,0.0888038214777559,0.09091178134441014,0.07025300817794156,0.09927226767475472,0.11413266012721801,0.11649629504958559,0.1050673481266109,0.0751648241750078,0.10913596855706276,0.13379883916893198,0.10019917466278483,0.10701246116763774,0.11571458720714756,0.12085357253934936,0.08932751680828854,0.028671506223493903,0.05346619670692876,0.02976244674959294,0.030172918425933393,0.031094888554390798,0.19904358777440956,0.20640440586196973,0.20294315896526294,0.18223658590816427,0.2126362875608897,0.18425130454827265,0.14067080035033375,0.2095076640858763,0.16171731966386194,0.16947227886707472,0.2542757703579709,0.2605090947268136,0.25806626901940743,0.266631829694043,0.25963095054948293,0.0772591428712548,0.06675305608327475,0.0705587834771021,0.07720934125575896,0.07332299596689973
0.08710670383975061,0.0,0.012110358486819295,0.017017170193077136,0.039037885264110894,0.12372257570274414,0.1421427473612602,0.1367169135666425,0.17357966244567147,0.16585597816999076,0.10093953344074136,0.1661133451193204,0.07330394095890447,0.10908506162300968,0.0939124939717596,0.14157323861933524,0.11543837939215262,0.12357688308305359,0.12662722156118333,0.2020695703696752,0.036040788792814804,0.033019138390548486,0.053325208912844646,0.03800619388407733,0.03275959296592901,0.023929979409626934,0.03972154454275034,0.035452180867234784,0.015771207845651003,0.11602606123806569,0.07539119368085401,0.08778173281466783,0.18660282104283754,0.11540309541726235,0.07916648478665733,0.08866713351567168,0.08255652448986783,0.08913081427555014,0.09502992877649874,0.09400920492871634,0.24751619746106068,0.26337844027996593,0.2562487130065042,0.2932382352379047,0.24262474986980742,0.04338515580434266,0.051155004936119575,0.13246753574028458,0.07516327070892381,0.22314537540310986,0.2822488430455966,0.2843725136186298,0.13612768418661225,0.12989709449709486,0.29240590494046426,0.29269924017125404,0.25931596617941943,0.3599330912612152,0.5175452443384407,0.3536605313579886,0.011753495842643624,0.010931286661517436,0.07976300389018487,0.0870220461200214,0.08741160760333633,0.10892250616453858,0.15001758434179102,0.12838227845910022,0.16493379210165382,0.11413881918164892,0.1266244929367083,0.16176769618117637,0.16520243565696224,0.09737818952039368,0.1483059114712736,0.4188611448549815,0.4054567502233716,0.40913967977514676,0.40205677664234596,0.42444644918281016,0.16776098613517076,0.1938769997235289,0.11822474623496737,0.18379546288292126,0.19518820687362082,0.1932696380139871,0.20919890608412917,0.12301104287666897,0.18320871414824658,0.2210375801242246,0.25752910364825043,0.26603465776390045,0.27221285929595973,0.28427220103204687,0.2466913299991227,0.0873842474425397,0.10420767735383007,0.09020402487017354,0.0877292260411503,0.0838415327976263,0.3776553786481871,0.3859900850919237,0.39063020986538255,0.3554757104452537,0.39765615650881525,0.36497289736072236,0.30010725451593756,0.3704535091433757,0.3165979130676816,0.3374794209691502,0.4045514156015332,0.4145195569514464,0.4135263816205993,0.42512646209216454,0.4199508818909288,0.19169893593689602,0.18313763713244324,0.19078650788181606,0.18409356269297128,0.18736310584390248
0.07912169312895356,0.012110358486819295,0.0,0.009040935605449718,0.028918888698291068,0.10716246192116552,0.12274655514635346,0.12180312496944479,0.14835711669196594,0.14989024840066745,0.09585169536421478,0.1490564761016776,0.059539787125662325,0.09502837858152224,0.08800737354954302,0.12137991196913056,0.0975462878965675,0.10250040025917928,0.10752757790230749,0.1789271932320463,0.055193706221613126,0.053265693778485224,0.07608246173001287,0.05974600325899526,0.050265837942697456,0.026127761454817766,0.030566349609302823,0.07234516541268421,0.013362139776136983,0.11243381386789153,0.06413225825105073,0.0776316415199273,0.1662355501098105,0.09811978512306707,0.07733300036065827,0.08558913298387949,0.07129239427787859,0.08591256203635778,0.08385009458248227,0.08889981365531996,0.22973490448025047,0.24407802372511211,0.23841232601243534,0.27465852705829685,0.22582730179398347,0.04726580164289995,0.08333308761381786,0.11779222629366848,0.06650384467897719,0.20627053978671828,0.2602902201399251,0.26183511940258875,0.13407080752644795,0.12354334955089186,0.2724107115099804,0.27780331938993297,0.25082867108492257,0.3578045071917231,0.5176497186488378,0.34059621673009155,0.010720628848994385,0.011089362838139993,0.0779194963658677,0.07628938513015437,0.08500219487962424,0.10860153294843933,0.14141958028888002,0.11646642936603713,0.15156734312479025,0.10823367225152025,0.11917711332071734,0.15357355747777457,0.16662794675562187,0.08610259093248152,0.1350015741584658,0.39591889567077465,0.3829341955992619,0.3863278329210619,0.37858228924575543,0.4007680578443442,0.15322959803774938,0.17947582997189981,0.10950413438124096,0.17399050535068983,0.18714640997359855,0.17871810153139744,0.19433608741559294,0.1125379715512127,0.17490883321242023,0.21174441109298348,0.23810227452881472,0.24635544164136713,0.25295908532190237,0.2655580110076382,0.2259423897323628,0.07931027862735807,0.09491569702928415,0.08336028246675398,0.07694234672453348,0.07384097666200162,0.3548346895044827,0.36343083069025284,0.36731903602566296,0.33430316612782796,0.3787138885502649,0.34153769672016066,0.27603498361400136,0.34715250740231396,0.29690603199077337,0.3146099116556996,0.37994559388678883,0.3917319554396347,0.3902652646863727,0.40172166556862976,0.39590590082050314,0.2060471153617197,0.19503686642810314,0.20143032043818754,0.20322145663233193,0.20155734648062995
0.0713646502126063,0.017017170193077136,0.009040935605449718,0.0,0.030579660568237466,0.09933343993487831,0.11077759306788137,0.11749746752752055,0.14248251255966393,0.1435324489579427,0.08467548269990632,0.13527942151138095,0.05881923213332363,0.08595266041160254,0.07919482361755392,0.10522452787776981,0.09552919092776402,0.09681741015177836,0.10083349299104793,0.16837866792538736,0.06890524551231625,0.0709609244415278,0.08593946213931836,0.07393147230725783,0.06871775560467919,0.026877750893055996,0.02330774925747292,0.06052812962585519,0.02036437783670253,0.08706638235855624,0.06318520578041498,0.08865090435324552,0.1590787259564188,0.0925679360483812,0.07822537304552946,0.07806664609501834,0.07064179057247355,0.0684232577312901,0.06979377444526291,0.07386590895333911,0.18945067966349805,0.19801982971357335,0.1908428483622916,0.21939662075758026,0.18403493287247585,0.05289004335051284,0.07929146655828001,0.12176910234342952,0.061688852779056,0.18333977423116687,0.24557822606683144,0.24698925886452094,0.13277713925586743,0.13029157799075786,0.24282816394460038,0.23934084063203864,0.23264393961156493,0.33594282783008034,0.5017210717101679,0.3004676774749513,0.016328932574300237,0.027322747277229498,0.08036034232890976,0.07866090748707721,0.07635371503920751,0.10221961092081555,0.12609768956203948,0.10209122428146633,0.12799897957306405,0.10410753020842411,0.09701985512487055,0.1396487307177804,0.1525616601476315,0.08184854140745779,0.11302283026707827,0.3850613972548741,0.37342233679811754,0.3637583293004891,0.36685297465196876,0.3811832606747547,0.13260094814667434,0.14510306726310318,0.10229020628366436,0.14588199580382455,0.16088866536231872,0.15275597298013455,0.15630358116001508,0.10606904278383,0.14795823740827563,0.18345366205958458,0.19493234785320213,0.19885309915744165,0.20270440148838786,0.2128649924122371,0.18611305218682606,0.07494246372868196,0.09327036531298427,0.07511773667522881,0.08062973930097506,0.07635066985175187,0.32428003927224924,0.3335957528081328,0.33282255985250897,0.3006240776049761,0.3380181226478214,0.3123992319016168,0.26060293421015746,0.3189846481671387,0.27008424363927364,0.28648228331971537,0.37266027004036417,0.3827502318271646,0.3814249812171393,0.38128905834721816,0.3827951058476394,0.1671497160129516,0.15800769800692316,0.16261482936510518,0.1681608961733525,0.1651570420698768
0.0908457635693678,0.039037885264110894,0.028918888698291068,0.030579660568237466,0.0,0.0797507500658099,0.11710463843690633,0.09139952060979983,0.1536181815739016,0.12038773807293823,0.11378507778777702,0.1389040100737553,0.0738649841366289,0.11393594337630686,0.10153128830504765,0.13688110201333392,0.11156924138490443,0.10259733978532237,0.126936032249799,0.1323610308345764,0.08247877869506126,0.08235680167105597,0.08786139787756919,0.08086541867606856,0.08329344580720466,0.058553033945972666,0.06024842652053153,0.09217629211934864,0.04663479322685338,0.13002706828571198,0.052236341711399015,0.1068074341533728,0.1260688977093627,0.11789580231916974,0.10252523577380024,0.10590022264842558,0.08854858023441758,0.102238280478395,0.09800579246947205,0.10738640006044609,0.22873421070449163,0.24070563882300655,0.23450734655850847,0.2670000330945663,0.22445764677293045,0.08045325988522034,0.11308540562050806,0.142670287149384,0.09075089962107186,0.22293443931872958,0.2795612514257956,0.2801495502423139,0.165471858848527,0.1554967760486523,0.2841596468906794,0.28404759885498077,0.2611104125341708,0.36918394899786544,0.5205055558819303,0.3437698336666394,0.03975575518220564,0.047298169322899875,0.10179616771249,0.09793266575031556,0.10262427832481336,0.12883076038486885,0.16088291370484498,0.13690395114934462,0.16885069689061316,0.13309417546888103,0.1368833278178121,0.16997097097521618,0.18586521683480717,0.1045730767234182,0.15081672928885426,0.40423403839744965,0.3925586390856778,0.39097174797988843,0.3868162256621983,0.40720687388432797,0.17222768245056486,0.1915228173827247,0.13680599806697602,0.18991228560422213,0.20029578283103622,0.187518672991276,0.20507407082834306,0.14014723726294354,0.19334317523581213,0.2222257794742144,0.23921803437524414,0.24388231708277364,0.24550648966225896,0.2591609316431619,0.22446838316688844,0.0940907175852862,0.08199432037996446,0.09325102926642392,0.07880406778734361,0.09458468841405321,0.35885282031084687,0.3640783815168245,0.36644890651847417,0.3349692473056629,0.3783882745547018,0.34328218097815966,0.27788759922495065,0.3534649382806283,0.30715801108849194,0.31919098100961674,0.39117348902884475,0.4022372098927882,0.39960412603874484,0.4087082911029677,0.4033742968847407,0.2089885214838878,0.19585982909209676,0.2027612402354554,0.20750432246788453,0.20388614057254184
0.15027784478599793,0.12372257570274414,0.10716246192116552,0.09933343993487831,0.0797507500658099,0.0,0.07448636821896559,0.004421338660787311,0.15963458816224285,0.01730208116035814,0.17683311737405238,0.04161961372044998,0.10599987325008209,0.12314444714180472,0.15151246601768897,0.15496629295378106,0.11442033898061488,0.1267954112634999,0.13266201886007112,0.13062169252471956,0.13577500237268525,0.13332531930020897,0.11464256980134291,0.12208281041925118,0.13937456239871493,0.11174905975651239,0.12490016836057882,0.14734435792387524,0.1078754098143192,0.1713680163169714,0.10327286191000351,0.1708273602234226,0.1876899934882239,0.1622853210420856,0.1510048603367341,0.15521561054445288,0.1428779398835962,0.16201189756399326,0.15624004932902735,0.16914526272040742,0.29708241866769425,0.29888855706171025,0.2872978972913691,0.31229423330173,0.2890922276604263,0.1283589922817323,0.17410647150186354,0.19328086098883002,0.13161959476399487,0.25600919364386243,0.28431309948869954,0.30444941004410275,0.2121807583364761,0.1979545316019533,0.30459172273281,0.3017501028639713,0.2884954303005677,0.3873788417745728,0.5175939412443109,0.3519300957498851,0.11294719035744039,0.11735090144459293,0.17051930056910658,0.15994742453532473,0.16920929254842698,0.1660059997605845,0.19737851908359927,0.17315923912109166,0.210096531414105,0.18055937983768322,0.19126931191836838,0.22310576498369383,0.23982768040586566,0.1588042420625302,0.20330437718762862,0.43315689695344095,0.4312679389408288,0.41888374590933575,0.4210153484900818,0.4333484898253377,0.20492307149989009,0.22839870207877488,0.18839770562277525,0.2343277099991753,0.2528016051147788,0.22477646716750777,0.24462767561957888,0.17373397266139157,0.23770043902951,0.27129642976969215,0.2932984620805066,0.30011232880198446,0.3045185297677139,0.3078848862724082,0.28348231446773076,0.14435634401844866,0.15229828214560737,0.1409022118891886,0.1382291363838195,0.15446144497973469,0.3895924654065951,0.39670081659839873,0.4025963197194581,0.37386138406600244,0.410204431759269,0.35833927110861685,0.30977141528751584,0.37547858185701866,0.32834108625797354,0.34842610853127165,0.43547423398825236,0.441584207062673,0.43475250159302437,0.44246700799994965,0.4395846740927396,0.27855920368620923,0.2690947235433385,0.2678050894329401,0.2799165661510421,0.278967724512184
0.05404693051534104,0.1421427473612602,0.12274655514635346,0.11077759306788137,0.11710463843690633,0.07448636821896559,0.0,0.089988813261205,0.06541001056177387,0.09908448741013487,0.05610666414954135,0.0731313701278199,0.04300424514834278,0.02959916247665939,0.046394807752607736,0.044091482858986675,0.03391965475649872,0.034170931514805325,0.04208020221453479,0.06731139325299085,0.18129723126744623,0.181487771323266,0.17961585900769328,0.17661445334667425,0.18363364348581412,0.13117912051378033,0.13496087691950487,0.16979026512748585,0.12807001591322598,0.060361935884894136,0.07315265136907823,0.0771765195219486,0.0973958507550503,0.05788640709377546,0.05685655458528727,0.04991987643219653,0.04567278000487984,0.055502261545989806,0.05139730180526947,0.054959478735773226,0.15639131125613515,0.15396849354947983,0.14818036268228996,0.16715472170986556,0.15001975993042882,0.16024932143144188,0.20126306504935287,0.0919590202002667,0.16834227573113358,0.1441893291017735,0.16399518848674888,0.18705502034361843,0.12391688607830964,0.1164556802213188,0.19418310947410933,0.18713005831222007,0.18303758967480976,0.28142184758045563,0.4261168077123795,0.2226176243058381,0.1350002196661293,0.14086736586569437,0.06450551910883906,0.055083977704513676,0.060378020240344554,0.08556810031166373,0.1049823182201195,0.06860611966269314,0.10342782740852696,0.08994610504691702,0.08032395895277589,0.12658098282444585,0.14480045951064735,0.05814473785725838,0.08556149064905871,0.26633975340851346,0.26696369251333085,0.25255728029207525,0.25740917467732527,0.2642933523083226,0.09802439136966623,0.10825996295955953,0.08886240863639838,0.11221716728134346,0.1278300940170145,0.11907290353940525,0.12081695045946905,0.0820596928807229,0.11926707009539628,0.14338286329291394,0.14498521088686744,0.1517166478727946,0.16551533820941022,0.16432307787152212,0.13976491025782467,0.05543538520818947,0.07036708310736095,0.05867564488625199,0.05407995734302984,0.06168264662223355,0.226548617367322,0.241354384855488,0.23650668389454832,0.21944477631683657,0.24178590163511804,0.2095056346909333,0.1732859064483202,0.22730972989688425,0.18646895578267164,0.2042263696547797,0.27001062308965995,0.27493755824542054,0.26882514722628503,0.2707968851693764,0.2713101149006324,0.14237176937468166,0.1409489855787709,0.13331518148056687,0.14802384495317777,0.14792402320510645
0.1701345444333897,0.1367169135666425,0.12180312496944479,0.11749746752752055,0.09139952060979983,0.004421338660787311,0.089988813261205,0.0,0.16983609345372086,0.00827602499175939,0.1989273477158392,0.053298222164706144,0.11765907569866574,0.14083367365487476,0.1728382007773881,0.17795726923459254,0.12762034777586528,0.14748613780546427,0.1500445976813628,0.14572875087340065,0.13565946438179421,0.13405164033185202,0.11369905371977396,0.12211696282227946,0.1411187565774844,0.12083393854254176,0.13479099241245074,0.15508373016597055,0.11699593941964659,0.18897666302774907,0.10914341753658963,0.17985672892503146,0.1979663271530051,0.1777588479747203,0.16220756707603712,0.17822547913993836,0.16072074785260393,0.18230045368872272,0.1769696323980151,0.1901413944569763,0.326552760728115,0.32907601828477373,0.31680667893051917,0.3445398763668043,0.3162419476945806,0.13183192582285952,0.17686611951485542,0.20157427397152572,0.133926204292247,0.2669831390621773,0.2927145480448615,0.3104647816872562,0.21411326438989675,0.1999140638572583,0.3130767507936061,0.3056212955923818,0.28947995934437076,0.3768753473858588,0.5081203431159135,0.3565350776987206,0.12071805627399868,0.12620872667091565,0.18555476975141227,0.17599972865843772,0.18502981492236314,0.16897984013746614,0.2023253559775785,0.18345775759350513,0.21884263706831464,0.18562210591784922,0.2046877293981375,0.2258214659718495,0.24033757700626224,0.17134891727490797,0.21675605291912325,0.45905810046738005,0.45501767683276284,0.44582060211470853,0.44535762288584524,0.45944843344526176,0.21279158770254858,0.24284250971068677,0.19617266820830437,0.246967334077287,0.2648137840175192,0.23036103551089004,0.25995446269729283,0.17679051121840184,0.24800654792277832,0.2811020347382539,0.3246744901664922,0.3331049685417742,0.3332168009461497,0.3394070339903237,0.3136455794580366,0.15545793391704577,0.1603413889163645,0.15100583661819555,0.14872007840512314,0.16522970379184965,0.41797076141646383,0.4250379240478668,0.43450807053354434,0.4015895342426167,0.441339296729758,0.3812541751294296,0.3262751406578577,0.39271596072803083,0.3477497062702851,0.367679561032495,0.4565114994405064,0.46760842415313353,0.4601392481302511,0.4700300910050301,0.46406717594659497,0.30998886856654384,0.29842744348892924,0.2995690281771497,0.3100612192562987,0.30923469543702076
0.07153347461673376,0.17357966244567147,0.14835711669196594,0.14248251255966393,0.1536181815739016,0.15963458816224285,0.06541001056177387,0.16983609345372086,0.0,0.170987937505917,0.05818987055979408,0.21599456008745455,0.08759626015557975,0.07706240064594572,0.06457104373443012,0.0620847594097903,0.07292762881850856,0.0705081654184524,0.08138956225851546,0.12308096177660366,0.2419383591714953,0.23824643155473801,0.2606881636684789,0.2451865573080605,0.23891977254377428,0.18060703557444002,0.17596165482754533,0.21918359061639936,0.17171568603696719,0.09907090683162711,0.13328667095133973,0.09986681839189693,0.11159683302649204,0.07667232828872805,0.09425284537751277,0.060929760866948346,0.062212703114171375,0.07034456486317464,0.06136601989885959,0.07713371039555383,0.11993953119110101,0.1257703950154001,0.12978307555625745,0.1523289729899503,0.11883066709979606,0.2222002775914409,0.260703026965981,0.11869362782096504,0.23757712298453848,0.15426449722273472,0.17793625473248476,0.1911438642701183,0.16703047366022994,0.17090119901188439,0.20856382031227427,0.22470214194406168,0.22620287426320873,0.3271262374670496,0.46134153780438236,0.24826086792719537,0.17678197052572386,0.18093535138996053,0.0815011159620821,0.07254492232546617,0.08425661815871721,0.13604550678126903,0.15122733388569087,0.1036351381852244,0.14294662682356374,0.13744241902617438,0.11243145357893414,0.17678244395074083,0.19406946130284108,0.09208309552032468,0.10824080539726333,0.20070520483029097,0.19515862958843444,0.1971147201350717,0.19091970526949442,0.20243776990320528,0.13504273528521415,0.13283398377494682,0.13104485173667446,0.15032337086030823,0.1685667835397764,0.15915544798077752,0.14400864727527685,0.109003915198297,0.1584624292448359,0.18517743829520583,0.11423994056076259,0.12511570333973288,0.14413625383159623,0.14698007365437749,0.10744707843159496,0.10131397065075498,0.11194741219019588,0.10844915486956241,0.09130903332206464,0.09450121276009393,0.19633779966861553,0.20879523330899286,0.2011561759553666,0.1953506057224338,0.2143252427693103,0.20366201744461088,0.16613242968151565,0.21522683818469424,0.1842226845885402,0.1882987253345616,0.19394055475226324,0.20044050296400617,0.197463544897168,0.20489822947810699,0.20118328735397384,0.12070955107229664,0.1182667044118394,0.11328940909708995,0.12481333878621359,0.12178923440713552
0.19840765436411711,0.16585597816999076,0.14989024840066745,0.1435324489579427,0.12038773807293823,0.01730208116035814,0.09908448741013487,0.00827602499175939,0.170987937505917,0.0,0.22046097102771056,0.060976450593850484,0.14131970620037004,0.1617006520667995,0.19906896343648595,0.19395650299652445,0.14962881230874436,0.16224773471296106,0.16839497236547762,0.15532727422716774,0.1652203185427874,0.16649559701807226,0.15069176391680472,0.15647459972552702,0.17174752367008905,0.14168961507029676,0.15076956364559435,0.17730275663565886,0.1406415976536094,0.20519162193050766,0.13081985847478073,0.20319978962712626,0.2106295764896957,0.1999623146370394,0.1848442188672922,0.20383818878958337,0.18738113787882016,0.2057948121142168,0.20152354438928954,0.21280041333076782,0.3423604420179984,0.34237371913325576,0.3324510059990946,0.3573858075803471,0.3313220592688845,0.15354340692386748,0.19673467483455842,0.2208149996194645,0.15570321370924012,0.277190485754119,0.2950666702175425,0.3105982624682375,0.22947618468271191,0.21978446264791318,0.31580092354384504,0.30414682101103774,0.30346938152468106,0.37832091111717236,0.520448522012603,0.35743361201369406,0.14453638347334175,0.15315794445398734,0.2105808968370818,0.20169472899157947,0.20714757746494095,0.18949506319285037,0.2215749623182348,0.19750185870542925,0.23057003279108734,0.20309463345260226,0.21960311002792976,0.23752322901089706,0.25359449607698203,0.19205109547934984,0.22850073716636166,0.47754505458354346,0.4740643649974019,0.4621822392363294,0.4637935508133023,0.4746374355100321,0.22381730004200584,0.25105067450641905,0.21182670425246986,0.25545620396668545,0.27051535954121275,0.23666382608435987,0.26603120259751645,0.18479640831655453,0.2550152647586932,0.2849829168117409,0.3388903311467414,0.34608080238498884,0.3448727445964822,0.3531194536866289,0.3301360683480524,0.17928754004535397,0.17888720181912088,0.1758226638044822,0.17316391275771104,0.18788972989190766,0.42726883476225985,0.43703840579775033,0.4444919986837038,0.41019859412019954,0.44816718815620304,0.39171797128167285,0.3378240529155231,0.39506551472984075,0.3554710642456085,0.3767016274948668,0.47216028793458986,0.4874380368011424,0.4794327784282537,0.4840936297117444,0.48115237277108025,0.32888972629984914,0.32003885101018725,0.3207940786106134,0.3298860121298246,0.33059882142032815
0.013403888405491782,0.10093953344074136,0.09585169536421478,0.08467548269990632,0.11378507778777702,0.17683311737405238,0.05610666414954135,0.1989273477158392,0.05818987055979408,0.22046097102771056,0.0,0.18386954127120536,0.03576345048286822,0.023343086104574362,0.005149979647631642,0.02006027398543553,0.03641458262154196,0.03636013352073186,0.035912954965439337,0.10808823374820298,0.16704752501457132,0.16589002596199642,0.18256004504902545,0.16963643725759014,0.16642305412560665,0.11813899530640493,0.11571155859690618,0.1364245414317593,0.11121724610351857,0.030444178277088674,0.07772191972349618,0.040401021985982166,0.09429193714683592,0.02977447776839004,0.02841647591767349,0.008330799063923866,0.012403446901204651,0.007805307557597674,0.00749189301780806,0.00925400122898068,0.07766149307017045,0.08349241757219317,0.08121836340661936,0.10656371413127275,0.07360819142594055,0.14842888963760448,0.1658695296049747,0.06256804889633938,0.1664945794413426,0.11197700268094024,0.15526944161307377,0.16345478385831957,0.0913154566342066,0.09270837440425916,0.17094410756717782,0.1646479200728196,0.15463438446700772,0.25331619052663823,0.41259961505872644,0.19571271150113767,0.11020433671350605,0.11841968111880297,0.01777349994470412,0.016802893838734567,0.013242816769516996,0.06048853347482075,0.07767469267203686,0.043358671824291206,0.0730592112894124,0.058909998875453895,0.036907059034535505,0.09307682443083387,0.10247066112413794,0.025197387976379382,0.04217185864547579,0.22114749308950588,0.211471343493991,0.20228948303613214,0.2055536813257698,0.2169837700512811,0.07074150967632509,0.07288176310462569,0.0568175341449203,0.07545394363775548,0.08604617652954383,0.09637439881904508,0.08386992699662454,0.06153601713657786,0.08377152566608403,0.10375929133379114,0.07688447587750435,0.08502265225073624,0.09768020915336384,0.09977308603201329,0.0701773500178059,0.029226204413014156,0.04934186293909171,0.033974137921081615,0.03128657462625495,0.028295465026308975,0.17965408588377518,0.19001934749928817,0.18453627506642112,0.16939074113891106,0.19307235591900496,0.1757849698745878,0.13706399290577886,0.19172935760490728,0.15221196089525368,0.16286026452450297,0.21683537344397974,0.22248694878362285,0.21989570321142438,0.2235554294812906,0.22099106438086058,0.06242855724248941,0.05835022172541937,0.05680234466983325,0.06485958301429429,0.0633884570620189
0.16746181991748477,0.1661133451193204,0.1490564761016776,0.13527942151138095,0.1389040100737553,0.04161961372044998,0.0731313701278199,0.053298222164706144,0.21599456008745455,0.060976450593850484,0.18386954127120536,0.0,0.12153709274050672,0.11261337136924587,0.16338872650895153,0.14569970595721204,0.11475357661723329,0.1221751763981529,0.11945957941938312,0.12287535001829542,0.1783327963621104,0.17682139467920166,0.16213766196270363,0.16802580296260194,0.18079974462686876,0.13960772264214083,0.14766786055448677,0.1745936584652722,0.14049454089222957,0.1661226003570504,0.1317036015074038,0.18246679537026367,0.2027457129487753,0.16392163012806737,0.1599820403186637,0.16864662711561762,0.1626451053301312,0.17070664369892818,0.16881771612771002,0.17925901675195832,0.290942932419216,0.28946725454508704,0.27540901566860654,0.2982183656448819,0.28045656883580816,0.15533249229097468,0.19553989816046558,0.2001144169313651,0.15382815892612334,0.2305954917418701,0.24635328356630382,0.2616583967291085,0.20828160417633146,0.19818420278466953,0.2622614281183996,0.256975775321835,0.26606391798537876,0.34472283702561146,0.48516194435741,0.3069075328087003,0.14574208454247495,0.1535810961268319,0.1853649133381724,0.17520360453518813,0.17718195120186986,0.16980785544269317,0.1850054370323032,0.16503668346343647,0.1941919505621369,0.17649801598991088,0.1817491165765862,0.21071091808718045,0.2255240123358715,0.16463445660884146,0.18979206119687975,0.4521765529295545,0.44830544907770986,0.42841009539058117,0.43673294847326827,0.44552282965221546,0.18435236161782242,0.20788592954699792,0.18546463092220622,0.21882505551144826,0.2374229041315996,0.20345394354179314,0.22433330707995824,0.18387907621468913,0.2214995720864502,0.25117627414817134,0.2836663049130005,0.29136071047248924,0.29221057887295276,0.2945473880794166,0.2788314449612266,0.15595320581413918,0.17094294232955942,0.15391807460624307,0.15908061698001896,0.16689669984263966,0.3799544713217722,0.3876988368040142,0.3946662424267311,0.3626634759698443,0.39814839978275385,0.3361311951283209,0.2930392747580197,0.34764511688970845,0.3050878086081976,0.3265623061377243,0.45399388397422913,0.46347379478481876,0.45638355040632517,0.4581447279842116,0.4569027780581981,0.27914704323861483,0.271518575994233,0.2707899556740532,0.28125739527796156,0.2823209742572177
0.035686370304058745,0.07330394095890447,0.059539787125662325,0.05881923213332363,0.0738649841366289,0.10599987325008209,0.04300424514834278,0.11765907569866574,0.08759626015557975,0.14131970620037004,0.03576345048286822,0.12153709274050672,0.0,0.013482761220118378,0.027243484692900832,0.03756757893888707,0.014702133673161422,0.02890476939262232,0.023334178351633983,0.08198094815255064,0.09142625283902617,0.0937427110646869,0.10731644447471089,0.09605344619132794,0.09412613161248817,0.05761099230928335,0.06207183750277334,0.10715376135874644,0.05490778036198962,0.038104520901904526,0.023191738686819008,0.024130330035342595,0.09670713627936456,0.043575652231047646,0.015196793157645994,0.03202851194279177,0.01784616732689015,0.03152561386744401,0.029888947011301847,0.02901405691666603,0.16421380785226047,0.1676191903052937,0.1617881302956381,0.1916047810949698,0.15361663160862593,0.06765608681295532,0.10698189297767702,0.04008805473208432,0.08064251983068849,0.13865364571019934,0.18408347560498473,0.19501738550604908,0.04595989931328248,0.03776493097629241,0.19877183168137502,0.1561214324507315,0.13510576148459097,0.21091941254766444,0.3904452764709315,0.2058340178952034,0.05937328635779271,0.06434924375846174,0.031828579848322214,0.02798446962254386,0.030414009490622118,0.02588466051941185,0.057900243854653755,0.0317704615293678,0.062060150836285244,0.025475214334744645,0.03919111583955803,0.05786319011776331,0.07005280536436798,0.015359233760811497,0.052704249265837166,0.31454835024384087,0.304602106977074,0.2969585475175066,0.29689689947394093,0.3112260456655731,0.05850964829190852,0.0868928879800912,0.028995948470456723,0.07592975582333694,0.08202033206922998,0.0769616243650737,0.09947197602214208,0.03204573289554136,0.07441264055500785,0.09980415349444016,0.16252134838503207,0.17294791334581872,0.17661975200639535,0.18480829536109233,0.1541008211563879,0.00945670497752249,0.019935704220232275,0.012517673689749653,0.011138636171676985,0.008392457815879828,0.27291810489763957,0.28685782088856104,0.2907739800778453,0.2575065736981592,0.2950313854691191,0.2502775280832782,0.19287232372640084,0.24889625757813616,0.2102245889257337,0.23112686523797343,0.30188838470265367,0.31892197056412697,0.31410452058176663,0.3189958881935796,0.31411476137907735,0.16243712823791745,0.1532274174616749,0.1545413735775364,0.16534985040966,0.16197133645368755
0.029278654322160813,0.10908506162300968,0.09502837858152224,0.08595266041160254,0.11393594337630686,0.12314444714180472,0.02959916247665939,0.14083367365487476,0.07706240064594572,0.1617006520667995,0.023343086104574362,0.11261337136924587,0.013482761220118378,0.0,0.01808048565799647,0.013527524185810269,0.005872140628498612,0.015321901720537157,0.005972356216122687,0.06493794724727775,0.14454507691125673,0.14348440571700183,0.15628470586761567,0.14656814047858635,0.14332650323878326,0.09810670296879542,0.09993829154995437,0.13820729878219284,0.09598900333341842,0.02851812822967137,0.05312009861429767,0.034689260087572005,0.09410815545245987,0.033063017175843146,0.02282659672996512,0.021144739243555755,0.01921911798604392,0.021215663403097773,0.020888953982153846,0.021560987710106394,0.12300575802006364,0.1247816528862602,0.11677607911316001,0.14243282535151502,0.11386939044342537,0.11387141313377214,0.147683580157423,0.04822757499412278,0.12294552522316438,0.11487669365225828,0.15663922967192145,0.16984752082132648,0.06093801049672187,0.055746774254148646,0.17066961353343058,0.1390451845900642,0.12711932326757047,0.2110923872388365,0.3765100072943476,0.17879863872895585,0.10123805373399031,0.10648388408973053,0.03240532660686668,0.027469486745402172,0.02729419768297814,0.0370977709616378,0.05406070103616201,0.03080626524441188,0.05687120405602897,0.035720777486568434,0.03272756441153701,0.06701802891582276,0.07834650190084524,0.018829303544600995,0.042315928019229676,0.27788319961511077,0.2688694036711543,0.2549035912148696,0.2605031643616815,0.2709001519566334,0.05040151818988714,0.06908272957523687,0.03774132889669435,0.06836412643098122,0.07971038476017234,0.07355145121905171,0.08240756508424496,0.04127254662310509,0.07166535675853702,0.09638159816626723,0.11773104505834542,0.12811965228974587,0.1350545198194525,0.13660979469742285,0.11216797456894434,0.019764520525318297,0.03709681485538985,0.023694819476344442,0.023411607768252463,0.020043742718403146,0.22579356056734068,0.23764563348329082,0.2393688162862756,0.21335880163335685,0.24424066340041595,0.20096614160567494,0.15713633509723635,0.2098866128370288,0.17100946484593116,0.1895500105987068,0.2733639761221569,0.283550496998503,0.27899455642895066,0.2818754461331212,0.27880338900647006,0.12138407464213608,0.1139726602332195,0.11282609520479292,0.12520175886996532,0.1220022179056457
0.006474691725289805,0.0939124939717596,0.08800737354954302,0.07919482361755392,0.10153128830504765,0.15151246601768897,0.046394807752607736,0.1728382007773881,0.06457104373443012,0.19906896343648595,0.005149979647631642,0.16338872650895153,0.027243484692900832,0.01808048565799647,0.0,0.02040743687849944,0.025839102767002853,0.03235028932164696,0.028425959104104948,0.10174184968812716,0.15731280757972987,0.15421219358951155,0.16578423442769075,0.15564719387849335,0.1565963064929844,0.11438494952850409,0.11721867246471451,0.13721046370031253,0.10585045889790667,0.03627967283318645,0.07224571819428693,0.03799889192435757,0.10178212449022572,0.03129085765111794,0.025447560965507487,0.0042022258984726335,0.005715453836685702,0.00888691790405638,0.0061808440108240825,0.010785101945890774,0.09155073256042323,0.09911782456951179,0.0946083117938028,0.12317402100076202,0.08763085087108102,0.1425147206691172,0.16706279257064838,0.06645733004243048,0.16438765997804883,0.12716369311058306,0.17320665323585926,0.18264264160787558,0.09529880908526644,0.09115592718388199,0.19000653263252532,0.18403631385022556,0.16499228514526676,0.27089556926756453,0.4213000630900696,0.21815768832391957,0.10445687584012131,0.10959499979996057,0.016633889463728346,0.013316850956050397,0.014366610366181143,0.05985105139287583,0.08220050623365183,0.04948880219958385,0.08333071573653905,0.05956969916193622,0.04358648917150931,0.09836998865374502,0.10909668456791499,0.024240146464132417,0.051635808921315696,0.245618276792134,0.23491683377267747,0.22733154174412928,0.22909572378747867,0.2428383217875708,0.08090304590437636,0.0866395065502863,0.06135997728822096,0.08929632683641697,0.09936880149091143,0.10946086406416133,0.09985967769769255,0.06682153705214833,0.09796500332977898,0.11897427040179342,0.09330342597231034,0.10154063965113402,0.11373311003376219,0.11539237460230956,0.08484300611859263,0.02362576116806936,0.04616095117160013,0.027437494844757437,0.024504430900923135,0.02474458261364021,0.20408607944648516,0.21203905938905154,0.20825156217800445,0.19134287806125927,0.2182487932448931,0.19558977590640536,0.15394941308498666,0.21743538475412316,0.1730319398906197,0.18305672719761434,0.2426631986993356,0.24584298205192767,0.2434983260833833,0.25078452854783373,0.2457154006099822,0.07585201217037096,0.06846544302252222,0.06875033189794122,0.07730864016362504,0.07420773489338406
0.03510218796123199,0.14157323861933524,0.12137991196913056,0.10522452787776981,0.13688110201333392,0.15496629295378106,0.044091482858986675,0.17795726923459254,0.0620847594097903,0.19395650299652445,0.02006027398543553,0.14569970595721204,0.03756757893888707,0.013527524185810269,0.02040743687849944,0.0,0.020832877504763148,0.01989135426781452,0.010989127853071046,0.068371921842028,0.2059318644965782,0.20337030696616432,0.22260664790210505,0.20962585930653965,0.20400371416761287,0.1357910711550544,0.12791352164995162,0.17583299068207392,0.13258047964749808,0.03547423991008081,0.08542500193149583,0.05566777697970593,0.08900312049430015,0.034845698300811634,0.04573183610636977,0.021694488148428337,0.029357876950294792,0.02314534110930655,0.020436726815091122,0.02734521331780282,0.07584843811830733,0.07727875738704004,0.07161771679479989,0.09367461183830972,0.0700923380503623,0.16022269571453573,0.1936789739782988,0.06591064211581488,0.16838257151371094,0.10240590701599517,0.1437711940998374,0.1516921476535299,0.09173550508543615,0.0924557365676425,0.15196627274554708,0.13100618449946466,0.13530731733605605,0.227952735200027,0.38756016541016813,0.1608382436878789,0.13754764860626234,0.1462397777148784,0.04628597545504687,0.03853168297743892,0.03743169600577767,0.06769568679748705,0.07090709095838965,0.04014776378990603,0.06419340450671962,0.06007652482577763,0.03659752302695207,0.08889602199220026,0.10244407961750668,0.03303908003338518,0.0385950094411317,0.23870595243383863,0.22846655092172874,0.20965284477104795,0.21951597688695212,0.2269412361248273,0.05476529847418665,0.05823562319029896,0.05932708242231777,0.06950990936902735,0.08080132994740774,0.07921558113724392,0.0695746441001116,0.06127559347483491,0.07789709427605984,0.0965655143333134,0.07068925410974902,0.0799416717258642,0.08802237007577818,0.0877685188448295,0.0669293405653546,0.04467012374170942,0.05878601318221155,0.04902875010040231,0.04548472728611308,0.042935327916411636,0.17731821564656425,0.18575780215670834,0.18519569312008266,0.16634225758823862,0.19337946472734358,0.15919726776553178,0.1258880211122133,0.1732306282635423,0.1397874387711321,0.15210655798027728,0.2371305520181003,0.24368554200013615,0.24000960112832004,0.23892210579283113,0.23802108067834193,0.08911190871948715,0.08227940332864025,0.08100151797516053,0.09496769100683677,0.08991468549622983
